rep_right:5829
rec_right:5829
wrong_cells:7832
prec:0.8841195207037768
rec:0.7442543411644535
wrong2right:5829
right2right:0
wrong2wrong:749
right2wrong:15
clean_in_cands AFTER filter:6344
proportion of clean value in candidates and selected correctly: 0.9188209331637471
