rep_right:5488
rec_right:5488
wrong_cells:9036
prec:0.8435290501075929
rec:0.6073483842408145
wrong2right:5488
right2right:0
wrong2wrong:677
right2wrong:341
clean_in_cands AFTER filter:6183
proportion of clean value in candidates and selected correctly:0.8875950185979499
