rep_right:3729
rec_right:3729
wrong_cells:5840
prec:0.8772053634438955
rec:0.638527397260274
wrong2right:3729
right2right:0
wrong2wrong:485
right2wrong:37
clean_in_cands AFTER filter:3886
proportion of clean value in candidates and selected correctly: 0.9595985589270212
