rep_right:4044
rec_right:4044
wrong_cells:4948
prec:0.9542236904200094
rec:0.8172999191592563
wrong2right:4044
right2right:0
wrong2wrong:193
right2wrong:1
clean_in_cands AFTER filter:4194
proportion of clean value in candidates and selected correctly:0.9642346208846824
