rep_right:4155
rec_right:4155
wrong_cells:4948
prec:0.969661610268378
rec:0.839733225545675
wrong2right:4155
right2right:0
wrong2wrong:119
right2wrong:11
clean_in_cands AFTER filter:4234
proportion of clean value in candidates and selected correctly:0.981341521017994
