rep_right:4689
rec_right:4689
wrong_cells:5410
prec:0.9712096106048053
rec:0.866728280961183
wrong2right:4689
right2right:0
wrong2wrong:130
right2wrong:9
clean_in_cands AFTER filter:4788
proportion of clean value in candidates and selected correctly: 0.9793233082686313
