rep_right:2082
rec_right:2082
wrong_cells:2850
prec:0.8993520518358531
rec:0.7305263157894737
wrong2right:2082
right2right:0
wrong2wrong:226
right2wrong:7
clean_in_cands AFTER filter:2305
proportion of clean value in candidates and selected correctly: 0.903253796091526
