rep_right:3977
rec_right:3977
wrong_cells:4595
prec:0.9388574126534467
rec:0.86550598476605
wrong2right:3977
right2right:0
wrong2wrong:243
right2wrong:16
clean_in_cands AFTER filter:4105
proportion of clean value in candidates and selected correctly: 0.9688185140049481
