rep_right:2236
rec_right:2236
wrong_cells:4085
prec:0.8063469166967183
rec:0.5473684210526316
wrong2right:2236
right2right:0
wrong2wrong:401
right2wrong:136
clean_in_cands AFTER filter:2594
proportion of clean value in candidates and selected correctly:0.8619892058563532
