rep_right:2152
rec_right:2152
wrong_cells:4085
prec:0.893687707641196
rec:0.5268053855569156
wrong2right:2152
right2right:0
wrong2wrong:198
right2wrong:58
clean_in_cands AFTER filter:2365
proportion of clean value in candidates and selected correctly:0.9099365750490066
