rep_right:1415
rec_right:1415
wrong_cells:2822
prec:0.7967342342342343
rec:0.5014174344436569
wrong2right:1415
right2right:0
wrong2wrong:354
right2wrong:7
clean_in_cands AFTER filter:1767
proportion of clean value in candidates and selected correctly:0.8007923033344607
