rep_right:270
rec_right:270
wrong_cells:629
prec:0.8766233766233766
rec:0.4292527821939587
wrong2right:270
right2right:0
wrong2wrong:37
right2wrong:1
clean_in_cands AFTER filter:307
proportion of clean value in candidates and selected correctly: 0.8794788273329159
