rep_right:1548
rec_right:1548
wrong_cells:2822
prec:0.7942534633145203
rec:0.5485471296952515
wrong2right:1548
right2right:0
wrong2wrong:397
right2wrong:4
clean_in_cands AFTER filter:1941
proportion of clean value in candidates and selected correctly:0.7975270479093379
