rep_right:7580
rec_right:7580
wrong_cells:10904
prec:0.8158432892046066
rec:0.6951577402787967
wrong2right:7580
right2right:0
wrong2wrong:1150
right2wrong:561
clean_in_cands AFTER filter:9049
proportion of clean value in candidates and selected correctly:0.83766162006759
