rep_right:7403
rec_right:7403
wrong_cells:10904
prec:0.8054618648678055
rec:0.6789251650770359
wrong2right:7403
right2right:0
wrong2wrong:1304
right2wrong:484
clean_in_cands AFTER filter:9108
proportion of clean value in candidates and selected correctly:0.8128019323662573
