rep_right:662
rec_right:662
wrong_cells:6033
prec:0.38941176470588235
rec:0.10972981932703464
wrong2right:662
right2right:0
wrong2wrong:842
right2wrong:196
clean_in_cands AFTER filter:1362
proportion of clean value in candidates and selected correctly:0.48604992657499235
