rep_right:4490
rec_right:4490
wrong_cells:5438
prec:0.885426937487675
rec:0.8256712026480324
wrong2right:4490
right2right:0
wrong2wrong:566
right2wrong:15
clean_in_cands AFTER filter:4801
proportion of clean value in candidates and selected correctly: 0.9352218287837217
