rep_right:5177
rec_right:5177
wrong_cells:14979
prec:0.7147590777302223
rec:0.3456171974097069
wrong2right:5177
right2right:0
wrong2wrong:1927
right2wrong:139
clean_in_cands AFTER filter:6733
proportion of clean value in candidates and selected correctly:0.7688994504667029
