rep_right:5119
rec_right:5119
wrong_cells:6183
prec:0.9411656554513698
rec:0.8279152514960375
wrong2right:5119
right2right:0
wrong2wrong:312
right2wrong:8
clean_in_cands AFTER filter:5344
proportion of clean value in candidates and selected correctly: 0.9578967065850339
