rep_right:1168
rec_right:1168
wrong_cells:1425
prec:0.8236953455571228
rec:0.8196491228070175
wrong2right:1168
right2right:0
wrong2wrong:249
right2wrong:1
clean_in_cands AFTER filter:1417
proportion of clean value in candidates and selected correctly: 0.8242766407845853
