rep_right:3009
rec_right:3009
wrong_cells:4276
prec:0.9126478616924477
rec:0.7036950420954162
wrong2right:3009
right2right:0
wrong2wrong:285
right2wrong:3
clean_in_cands AFTER filter:3293
proportion of clean value in candidates and selected correctly: 0.9137564530795209
