rep_right:1826
rec_right:1826
wrong_cells:2850
prec:0.8364635822262941
rec:0.6407017543859649
wrong2right:1826
right2right:0
wrong2wrong:349
right2wrong:8
clean_in_cands AFTER filter:2168
proportion of clean value in candidates and selected correctly: 0.8422509225053402
