rep_right:3684
rec_right:3684
wrong_cells:4596
prec:0.9053821577783239
rec:0.8015665796344648
wrong2right:3684
right2right:0
wrong2wrong:297
right2wrong:88
clean_in_cands AFTER filter:3940
proportion of clean value in candidates and selected correctly: 0.9350253807082868
