rep_right:6816
rec_right:6816
wrong_cells:10904
prec:0.7927424982554082
rec:0.6250917094644167
wrong2right:6816
right2right:0
wrong2wrong:1349
right2wrong:433
clean_in_cands AFTER filter:8361
proportion of clean value in candidates and selected correctly:0.8152134912082104
