rep_right:4175
rec_right:4175
wrong_cells:5559
prec:0.9348410210479176
rec:0.7510343586976075
wrong2right:4175
right2right:0
wrong2wrong:272
right2wrong:19
clean_in_cands AFTER filter:4248
proportion of clean value in candidates and selected correctly: 0.9828154425588917
