rep_right:7211
rec_right:7211
wrong_cells:10652
prec:0.8210178754411932
rec:0.676962072850169
wrong2right:7211
right2right:0
wrong2wrong:1541
right2wrong:31
clean_in_cands AFTER filter:8489
proportion of clean value in candidates and selected correctly: 0.8494522322996236
