rep_right:235
rec_right:235
wrong_cells:625
prec:0.8671586715867159
rec:0.376
wrong2right:235
right2right:0
wrong2wrong:36
right2wrong:0
clean_in_cands AFTER filter:271
proportion of clean value in candidates and selected correctly: 0.8671586715547174
