rep_right:472
rec_right:472
wrong_cells:1423
prec:0.6153846153846154
rec:0.33169360505973294
wrong2right:472
right2right:0
wrong2wrong:129
right2wrong:166
clean_in_cands AFTER filter:693
proportion of clean value in candidates and selected correctly: 0.6810966810868528
