rep_right:3876
rec_right:3876
wrong_cells:5902
prec:0.8928818244644091
rec:0.6567265333785157
wrong2right:3876
right2right:0
wrong2wrong:443
right2wrong:22
clean_in_cands AFTER filter:4069
proportion of clean value in candidates and selected correctly: 0.9525681985722474
