rep_right:7634
rec_right:7634
wrong_cells:12312
prec:0.7975344755536983
rec:0.6200454840805718
wrong2right:7634
right2right:0
wrong2wrong:1905
right2wrong:33
clean_in_cands AFTER filter:8902
proportion of clean value in candidates and selected correctly: 0.8575600988532267
