rep_right:7481
rec_right:7481
wrong_cells:9801
prec:0.8685707651224892
rec:0.7632894602591572
wrong2right:7481
right2right:0
wrong2wrong:1108
right2wrong:24
clean_in_cands AFTER filter:8222
proportion of clean value in candidates and selected correctly: 0.9098759425919364
