rep_right:5515
rec_right:5515
wrong_cells:6982
prec:0.8753968253968254
rec:0.7898882841592667
wrong2right:5515
right2right:0
wrong2wrong:769
right2wrong:16
clean_in_cands AFTER filter:6027
proportion of clean value in candidates and selected correctly: 0.9150489464063132
