rep_right:6948
rec_right:6948
wrong_cells:8961
prec:0.8820616986162244
rec:0.7753598928690995
wrong2right:6948
right2right:0
wrong2wrong:874
right2wrong:55
clean_in_cands AFTER filter:7708
proportion of clean value in candidates and selected correctly: 0.9014011416698218
