rep_right:7360
rec_right:7360
wrong_cells:9812
prec:0.8766079085278704
rec:0.7501019160211986
wrong2right:7360
right2right:0
wrong2wrong:1000
right2wrong:36
clean_in_cands AFTER filter:8066
proportion of clean value in candidates and selected correctly: 0.9124721051315243
