rep_right:7306
rec_right:7306
wrong_cells:8987
prec:0.9250443150164599
rec:0.8129520418382108
wrong2right:7306
right2right:0
wrong2wrong:568
right2wrong:24
clean_in_cands AFTER filter:7642
proportion of clean value in candidates and selected correctly: 0.9560324522363831
