rep_right:7183
rec_right:7183
wrong_cells:8135
prec:0.9590120160213618
rec:0.8829748002458513
wrong2right:7183
right2right:0
wrong2wrong:284
right2wrong:23
clean_in_cands AFTER filter:7443
proportion of clean value in candidates and selected correctly: 0.9650678489843275
