rep_right:4063
rec_right:4063
wrong_cells:4618
prec:0.9376875144241865
rec:0.8798181030749243
wrong2right:4063
right2right:0
wrong2wrong:270
right2wrong:0
clean_in_cands AFTER filter:4318
proportion of clean value in candidates and selected correctly: 0.9409448818875846
