rep_right:2861
rec_right:2861
wrong_cells:5094
prec:0.7933998890737659
rec:0.5616411464468002
wrong2right:2861
right2right:0
wrong2wrong:307
right2wrong:438
clean_in_cands AFTER filter:3499
proportion of clean value in candidates and selected correctly:0.8176621891945766
