rep_right:659
rec_right:659
wrong_cells:1315
prec:0.7531428571428571
rec:0.5011406844106464
wrong2right:659
right2right:0
wrong2wrong:200
right2wrong:16
clean_in_cands AFTER filter:857
proportion of clean value in candidates and selected correctly: 0.768961493573291
