rep_right:2620
rec_right:2620
wrong_cells:5094
prec:0.8476221287609188
rec:0.514330585001963
wrong2right:2620
right2right:0
wrong2wrong:317
right2wrong:154
clean_in_cands AFTER filter:2935
proportion of clean value in candidates and selected correctly:0.8926746166920182
