rep_right:4596
rec_right:4596
wrong_cells:5421
prec:0.9230769230769231
rec:0.84781405644715
wrong2right:4596
right2right:0
wrong2wrong:368
right2wrong:15
clean_in_cands AFTER filter:4947
proportion of clean value in candidates and selected correctly: 0.929047907821045
