rep_right:1051
rec_right:1051
wrong_cells:1424
prec:0.856560717196414
rec:0.738061797752809
wrong2right:1051
right2right:0
wrong2wrong:166
right2wrong:10
clean_in_cands AFTER filter:1214
proportion of clean value in candidates and selected correctly: 0.8657331136666744
