rep_right:6506
rec_right:6506
wrong_cells:8376
prec:0.8894053315105946
rec:0.7767430754536772
wrong2right:6506
right2right:0
wrong2wrong:565
right2wrong:244
clean_in_cands AFTER filter:7094
proportion of clean value in candidates and selected correctly:0.9171130532831729
