rep_right:4398
rec_right:4398
wrong_cells:4924
prec:0.9771161964007998
rec:0.8931762794476036
wrong2right:4398
right2right:0
wrong2wrong:59
right2wrong:44
clean_in_cands AFTER filter:4420
proportion of clean value in candidates and selected correctly: 0.995022624432138
