rep_right:3419
rec_right:3419
wrong_cells:3791
prec:0.9844514828678376
rec:0.9018728567660248
wrong2right:3419
right2right:0
wrong2wrong:54
right2wrong:0
clean_in_cands AFTER filter:3468
proportion of clean value in candidates and selected correctly: 0.9858708189129589
