rep_right:4925
rec_right:4925
wrong_cells:6130
prec:0.9577985219758849
rec:0.8034257748776509
wrong2right:4925
right2right:0
wrong2wrong:188
right2wrong:29
clean_in_cands AFTER filter:5126
proportion of clean value in candidates and selected correctly:0.9607881388978525
