rep_right:5009
rec_right:5009
wrong_cells:6130
prec:0.9463442282259588
rec:0.8171288743882544
wrong2right:5009
right2right:0
wrong2wrong:284
right2wrong:0
clean_in_cands AFTER filter:5266
proportion of clean value in candidates and selected correctly:0.9511963539670505
