rep_right:4149
rec_right:4149
wrong_cells:14088
prec:0.679495578119882
rec:0.29450596252129474
wrong2right:4149
right2right:0
wrong2wrong:1812
right2wrong:145
clean_in_cands AFTER filter:5733
proportion of clean value in candidates and selected correctly:0.7237048665607471
