rep_right:3835
rec_right:3835
wrong_cells:14088
prec:0.7760016187778227
rec:0.2722174900624645
wrong2right:3835
right2right:0
wrong2wrong:1015
right2wrong:92
clean_in_cands AFTER filter:4665
proportion of clean value in candidates and selected correctly:0.8220793140389666
