rep_right:7578
rec_right:7578
wrong_cells:11544
prec:0.8327472527472527
rec:0.6564449064449065
wrong2right:7578
right2right:0
wrong2wrong:1469
right2wrong:53
clean_in_cands AFTER filter:8489
proportion of clean value in candidates and selected correctly: 0.8926846507234153
