rep_right:3581
rec_right:3581
wrong_cells:6220
prec:0.8601969733365361
rec:0.5757234726688103
wrong2right:3581
right2right:0
wrong2wrong:571
right2wrong:11
clean_in_cands AFTER filter:3769
proportion of clean value in candidates and selected correctly: 0.9501193950624831
