rep_right:3826
rec_right:3826
wrong_cells:5896
prec:0.8382997370727432
rec:0.6489145183175034
wrong2right:3826
right2right:0
wrong2wrong:732
right2wrong:6
clean_in_cands AFTER filter:4095
proportion of clean value in candidates and selected correctly: 0.9343101343078527
