rep_right:1871
rec_right:1871
wrong_cells:2454
prec:0.91357421875
rec:0.7624286878565607
wrong2right:1871
right2right:0
wrong2wrong:145
right2wrong:32
clean_in_cands AFTER filter:1935
proportion of clean value in candidates and selected correctly:0.9669250645944862
