rep_right:1725
rec_right:1725
wrong_cells:2454
prec:0.8543833580980683
rec:0.7029339853300733
wrong2right:1725
right2right:0
wrong2wrong:272
right2wrong:22
clean_in_cands AFTER filter:1946
proportion of clean value in candidates and selected correctly:0.8864337101701623
