rep_right:1821
rec_right:1821
wrong_cells:2748
prec:0.7667368421052632
rec:0.6626637554585153
wrong2right:1821
right2right:0
wrong2wrong:212
right2wrong:342
clean_in_cands AFTER filter:2211
proportion of clean value in candidates and selected correctly:0.8236092265905762
