rep_right:2515
rec_right:2515
wrong_cells:3563
prec:0.8959743498396865
rec:0.7058658433904014
wrong2right:2515
right2right:0
wrong2wrong:286
right2wrong:6
clean_in_cands AFTER filter:2799
proportion of clean value in candidates and selected correctly: 0.8985351911364826
