rep_right:7360
rec_right:7360
wrong_cells:11482
prec:0.8186874304783093
rec:0.6410033095279568
wrong2right:7360
right2right:0
wrong2wrong:1605
right2wrong:25
clean_in_cands AFTER filter:8530
proportion of clean value in candidates and selected correctly: 0.8628370457199731
