rep_right:4395
rec_right:4395
wrong_cells:4941
prec:0.9457714654615881
rec:0.8894960534304797
wrong2right:4395
right2right:0
wrong2wrong:252
right2wrong:0
clean_in_cands AFTER filter:4496
proportion of clean value in candidates and selected correctly: 0.9775355871864378
