rep_right:320
rec_right:320
wrong_cells:659
prec:0.7256235827664399
rec:0.48558421851289835
wrong2right:320
right2right:0
wrong2wrong:33
right2wrong:88
clean_in_cands AFTER filter:375
proportion of clean value in candidates and selected correctly: 0.8533333333105778
