rep_right:3806
rec_right:3806
wrong_cells:5574
prec:0.8723355489342196
rec:0.6828130606386796
wrong2right:3806
right2right:0
wrong2wrong:554
right2wrong:3
clean_in_cands AFTER filter:4192
proportion of clean value in candidates and selected correctly: 0.9079198473260784
