rep_right:872
rec_right:872
wrong_cells:1445
prec:0.6807181889149102
rec:0.6034602076124568
wrong2right:872
right2right:0
wrong2wrong:284
right2wrong:125
clean_in_cands AFTER filter:1163
proportion of clean value in candidates and selected correctly:0.7497850386865883
