rep_right:3871
rec_right:3871
wrong_cells:11266
prec:0.7512128856976519
rec:0.3436002130303568
wrong2right:3871
right2right:0
wrong2wrong:1205
right2wrong:77
clean_in_cands AFTER filter:4902
proportion of clean value in candidates and selected correctly:0.7896776825769285
