rep_right:922
rec_right:922
wrong_cells:1272
prec:0.9427402862985685
rec:0.7248427672955975
wrong2right:922
right2right:0
wrong2wrong:56
right2wrong:0
clean_in_cands AFTER filter:978
proportion of clean value in candidates and selected correctly: 0.942740286288929
