rep_right:2431
rec_right:2431
wrong_cells:3563
prec:0.9415182029434547
rec:0.6822902048835251
wrong2right:2431
right2right:0
wrong2wrong:148
right2wrong:3
clean_in_cands AFTER filter:2579
proportion of clean value in candidates and selected correctly: 0.9426134160490787
