rep_right:820
rec_right:820
wrong_cells:5707
prec:0.3735763097949886
rec:0.1436831960749956
wrong2right:820
right2right:0
wrong2wrong:1258
right2wrong:117
clean_in_cands AFTER filter:1535
proportion of clean value in candidates and selected correctly:0.534201954393914
