rep_right:892
rec_right:892
wrong_cells:5707
prec:0.45626598465473145
rec:0.15629928158401962
wrong2right:892
right2right:0
wrong2wrong:853
right2wrong:210
clean_in_cands AFTER filter:1540
proportion of clean value in candidates and selected correctly:0.5792207792170181
