rep_right:4121
rec_right:4121
wrong_cells:5572
prec:0.9163887035801646
rec:0.7395908111988514
wrong2right:4121
right2right:0
wrong2wrong:371
right2wrong:5
clean_in_cands AFTER filter:4265
proportion of clean value in candidates and selected correctly: 0.9662368112521308
