rep_right:4385
rec_right:4385
wrong_cells:5373
prec:0.9597286058218428
rec:0.8161176251628512
wrong2right:4385
right2right:0
wrong2wrong:82
right2wrong:102
clean_in_cands AFTER filter:4515
proportion of clean value in candidates and selected correctly:0.9712070874840062
