rep_right:4193
rec_right:4193
wrong_cells:5373
prec:0.9323993773626862
rec:0.7803833984738507
wrong2right:4193
right2right:0
wrong2wrong:263
right2wrong:41
clean_in_cands AFTER filter:4464
proportion of clean value in candidates and selected correctly:0.9392921146932364
