rep_right:1525
rec_right:1525
wrong_cells:2138
prec:0.8654937570942112
rec:0.7132834424695977
wrong2right:1525
right2right:0
wrong2wrong:229
right2wrong:8
clean_in_cands AFTER filter:1751
proportion of clean value in candidates and selected correctly: 0.870930896625523
