rep_right:759
rec_right:759
wrong_cells:1245
prec:0.7326254826254827
rec:0.6096385542168675
wrong2right:759
right2right:0
wrong2wrong:109
right2wrong:168
clean_in_cands AFTER filter:887
proportion of clean value in candidates and selected correctly: 0.8556933483556292
