rep_right:3528
rec_right:3528
wrong_cells:10457
prec:0.8062157221206582
rec:0.3373816582193746
wrong2right:3528
right2right:0
wrong2wrong:711
right2wrong:137
clean_in_cands AFTER filter:4135
proportion of clean value in candidates and selected correctly:0.8532043530813708
