rep_right:5633
rec_right:5633
wrong_cells:10755
prec:0.8020788836679482
rec:0.5237563923756392
wrong2right:5633
right2right:0
wrong2wrong:1046
right2wrong:344
clean_in_cands AFTER filter:6301
proportion of clean value in candidates and selected correctly:0.8939850817316395
