rep_right:5395
rec_right:5395
wrong_cells:10755
prec:0.8506780195521917
rec:0.501627150162715
wrong2right:5395
right2right:0
wrong2wrong:665
right2wrong:282
clean_in_cands AFTER filter:6064
proportion of clean value in candidates and selected correctly:0.8896767810011714
