rep_right:3781
rec_right:3781
wrong_cells:6222
prec:0.8504273504273504
rec:0.6076824172291868
wrong2right:3781
right2right:0
wrong2wrong:573
right2wrong:92
clean_in_cands AFTER filter:3959
proportion of clean value in candidates and selected correctly: 0.9550391512984212
