rep_right:289
rec_right:289
wrong_cells:711
prec:0.8401162790697675
rec:0.40646976090014064
wrong2right:289
right2right:0
wrong2wrong:52
right2wrong:3
clean_in_cands AFTER filter:341
proportion of clean value in candidates and selected correctly: 0.8475073313534455
