rep_right:3487
rec_right:3487
wrong_cells:6473
prec:0.8631188118811881
rec:0.5386992121118492
wrong2right:3487
right2right:0
wrong2wrong:520
right2wrong:33
clean_in_cands AFTER filter:4025
proportion of clean value in candidates and selected correctly:0.8663354037245558
