rep_right:3501
rec_right:3501
wrong_cells:6473
prec:0.7615836415053295
rec:0.5408620423296772
wrong2right:3501
right2right:0
wrong2wrong:983
right2wrong:113
clean_in_cands AFTER filter:4590
proportion of clean value in candidates and selected correctly:0.762745098037554
