rep_right:4333
rec_right:4333
wrong_cells:5232
prec:0.9641744548286605
rec:0.8281727828746177
wrong2right:4333
right2right:0
wrong2wrong:147
right2wrong:14
clean_in_cands AFTER filter:4360
proportion of clean value in candidates and selected correctly: 0.993807339447262
