rep_right:685
rec_right:685
wrong_cells:1313
prec:0.8077830188679245
rec:0.5217060167555218
wrong2right:685
right2right:0
wrong2wrong:147
right2wrong:16
clean_in_cands AFTER filter:832
proportion of clean value in candidates and selected correctly: 0.8233173076824121
