rep_right:4818
rec_right:4818
wrong_cells:6198
prec:0.8500352858151023
rec:0.7773475314617618
wrong2right:4818
right2right:0
wrong2wrong:768
right2wrong:82
clean_in_cands AFTER filter:5431
proportion of clean value in candidates and selected correctly: 0.8871294420900624
