rep_right:5666
rec_right:5666
wrong_cells:6980
prec:0.9237039452233453
rec:0.8117478510028653
wrong2right:5666
right2right:0
wrong2wrong:465
right2wrong:3
clean_in_cands AFTER filter:6002
proportion of clean value in candidates and selected correctly: 0.944018660444945
