rep_right:5663
rec_right:5663
wrong_cells:7311
prec:0.9161947904869762
rec:0.7745862399124607
wrong2right:5663
right2right:0
wrong2wrong:369
right2wrong:149
clean_in_cands AFTER filter:6094
proportion of clean value in candidates and selected correctly:0.929274696421186
