rep_right:5646
rec_right:5646
wrong_cells:7311
prec:0.8905362776025236
rec:0.7722609766105868
wrong2right:5646
right2right:0
wrong2wrong:568
right2wrong:126
clean_in_cands AFTER filter:6259
proportion of clean value in candidates and selected correctly:0.902061032112315
