rep_right:7257
rec_right:7257
wrong_cells:8104
prec:0.9528623949579832
rec:0.8954837117472852
wrong2right:7257
right2right:0
wrong2wrong:344
right2wrong:15
clean_in_cands AFTER filter:7526
proportion of clean value in candidates and selected correctly: 0.9642572415613018
