rep_right:676
rec_right:676
wrong_cells:6033
prec:0.3983500294637596
rec:0.1120503895242831
wrong2right:676
right2right:0
wrong2wrong:821
right2wrong:200
clean_in_cands AFTER filter:1383
proportion of clean value in candidates and selected correctly:0.48879248011215626
