rep_right:506
rec_right:506
wrong_cells:6033
prec:0.3233226837060703
rec:0.08387203712912315
wrong2right:506
right2right:0
wrong2wrong:829
right2wrong:230
clean_in_cands AFTER filter:1149
proportion of clean value in candidates and selected correctly:0.440382941684592
