rep_right:6583
rec_right:6583
wrong_cells:8905
prec:0.8831499865843843
rec:0.7392476137001684
wrong2right:6583
right2right:0
wrong2wrong:669
right2wrong:202
clean_in_cands AFTER filter:7189
proportion of clean value in candidates and selected correctly:0.9157045486146673
