rep_right:6467
rec_right:6467
wrong_cells:8905
prec:0.8629570322925006
rec:0.726221224031443
wrong2right:6467
right2right:0
wrong2wrong:683
right2wrong:344
clean_in_cands AFTER filter:7433
proportion of clean value in candidates and selected correctly:0.870039015201305
