rep_right:340
rec_right:340
wrong_cells:712
prec:0.568561872909699
rec:0.47752808988764045
wrong2right:340
right2right:0
wrong2wrong:239
right2wrong:19
clean_in_cands AFTER filter:579
proportion of clean value in candidates and selected correctly: 0.5872193436858857
