rep_right:1712
rec_right:1712
wrong_cells:3026
prec:0.7680574248541947
rec:0.5657633840052875
wrong2right:1712
right2right:0
wrong2wrong:366
right2wrong:151
clean_in_cands AFTER filter:2004
proportion of clean value in candidates and selected correctly:0.8542914171614058
