rep_right:1725
rec_right:1725
wrong_cells:3026
prec:0.777027027027027
rec:0.5700594844679445
wrong2right:1725
right2right:0
wrong2wrong:329
right2wrong:166
clean_in_cands AFTER filter:2053
proportion of clean value in candidates and selected correctly:0.840233804184899
