rep_right:5934
rec_right:5934
wrong_cells:8376
prec:0.8559065339679792
rec:0.7084527220630372
wrong2right:5934
right2right:0
wrong2wrong:801
right2wrong:198
clean_in_cands AFTER filter:6798
proportion of clean value in candidates and selected correctly:0.8729037952326083
