rep_right:3592
rec_right:3592
wrong_cells:4298
prec:0.931052358735096
rec:0.8357375523499302
wrong2right:3592
right2right:0
wrong2wrong:238
right2wrong:28
clean_in_cands AFTER filter:3734
proportion of clean value in candidates and selected correctly: 0.9619710765908892
