rep_right:6261
rec_right:6261
wrong_cells:8376
prec:0.8874557051736357
rec:0.7474928366762178
wrong2right:6261
right2right:0
wrong2wrong:627
right2wrong:167
clean_in_cands AFTER filter:6856
proportion of clean value in candidates and selected correctly:0.9132147024490764
