rep_right:303
rec_right:303
wrong_cells:633
prec:0.7354368932038835
rec:0.4786729857819905
wrong2right:303
right2right:0
wrong2wrong:52
right2wrong:57
clean_in_cands AFTER filter:369
proportion of clean value in candidates and selected correctly: 0.8211382113598608
