rep_right:911
rec_right:911
wrong_cells:1445
prec:0.7224425059476606
rec:0.6304498269896194
wrong2right:911
right2right:0
wrong2wrong:335
right2wrong:15
clean_in_cands AFTER filter:1244
proportion of clean value in candidates and selected correctly:0.7323151125343063
