rep_right:2243
rec_right:2243
wrong_cells:4085
prec:0.7587956698240866
rec:0.5490820073439413
wrong2right:2243
right2right:0
wrong2wrong:562
right2wrong:151
clean_in_cands AFTER filter:2783
proportion of clean value in candidates and selected correctly:0.8059647861990443
