rep_right:724
rec_right:724
wrong_cells:1445
prec:0.9222929936305733
rec:0.501038062283737
wrong2right:724
right2right:0
wrong2wrong:61
right2wrong:0
clean_in_cands AFTER filter:783
proportion of clean value in candidates and selected correctly:0.9246487867059432
