rep_right:897
rec_right:897
wrong_cells:1445
prec:0.6659242761692651
rec:0.6207612456747404
wrong2right:897
right2right:0
wrong2wrong:195
right2wrong:255
clean_in_cands AFTER filter:1095
proportion of clean value in candidates and selected correctly:0.8191780821842998
