rep_right:3437
rec_right:3437
wrong_cells:3793
prec:0.9670793472144062
rec:0.906142894806222
wrong2right:3437
right2right:0
wrong2wrong:99
right2wrong:18
clean_in_cands AFTER filter:3505
proportion of clean value in candidates and selected correctly: 0.9805991440770881
