rep_right:1022
rec_right:1022
wrong_cells:4876
prec:0.4323181049069374
rec:0.2095980311730927
wrong2right:1022
right2right:0
wrong2wrong:1087
right2wrong:255
clean_in_cands AFTER filter:1846
proportion of clean value in candidates and selected correctly:0.5536294691194278
