rep_right:649
rec_right:649
wrong_cells:4876
prec:0.36728919071873234
rec:0.1331009023789992
wrong2right:649
right2right:0
wrong2wrong:732
right2wrong:386
clean_in_cands AFTER filter:1359
proportion of clean value in candidates and selected correctly:0.4775570272223874
