rep_right:6832
rec_right:6832
wrong_cells:9757
prec:0.8296296296296296
rec:0.7002152300912166
wrong2right:6832
right2right:0
wrong2wrong:1362
right2wrong:41
clean_in_cands AFTER filter:7984
proportion of clean value in candidates and selected correctly: 0.8557114228446197
