rep_right:1847
rec_right:1847
wrong_cells:2850
prec:0.9045053868756121
rec:0.6480701754385965
wrong2right:1847
right2right:0
wrong2wrong:125
right2wrong:70
clean_in_cands AFTER filter:1974
proportion of clean value in candidates and selected correctly: 0.935663627148249
