rep_right:1404
rec_right:1404
wrong_cells:3939
prec:0.6049116760017234
rec:0.3564356435643564
wrong2right:1404
right2right:0
wrong2wrong:597
right2wrong:320
clean_in_cands AFTER filter:2001
proportion of clean value in candidates and selected correctly:0.7016491754087874
