rep_right:1529
rec_right:1529
wrong_cells:3939
prec:0.614302932904781
rec:0.3881695861893882
wrong2right:1529
right2right:0
wrong2wrong:517
right2wrong:443
clean_in_cands AFTER filter:2155
proportion of clean value in candidates and selected correctly:0.7095127610175893
