rep_right:1628
rec_right:1628
wrong_cells:3314
prec:0.7029360967184801
rec:0.4912492456246228
wrong2right:1628
right2right:0
wrong2wrong:428
right2wrong:260
clean_in_cands AFTER filter:2065
proportion of clean value in candidates and selected correctly:0.7883777239671266
