rep_right:1531
rec_right:1531
wrong_cells:3472
prec:0.6915085817524842
rec:0.4409562211981567
wrong2right:1531
right2right:0
wrong2wrong:468
right2wrong:215
clean_in_cands AFTER filter:1936
proportion of clean value in candidates and selected correctly:0.7908057851198822
