rep_right:1461
rec_right:1461
wrong_cells:3472
prec:0.6640909090909091
rec:0.420794930875576
wrong2right:1461
right2right:0
wrong2wrong:527
right2wrong:212
clean_in_cands AFTER filter:1850
proportion of clean value in candidates and selected correctly:0.789729729725461
