rep_right:4892
rec_right:4892
wrong_cells:6941
prec:0.9062615783623564
rec:0.7047975795994813
wrong2right:4892
right2right:0
wrong2wrong:445
right2wrong:61
clean_in_cands AFTER filter:5377
proportion of clean value in candidates and selected correctly:0.9098010042757861
