rep_right:4892
rec_right:4892
wrong_cells:6941
prec:0.8391080617495712
rec:0.7047975795994813
wrong2right:4892
right2right:0
wrong2wrong:638
right2wrong:300
clean_in_cands AFTER filter:5787
proportion of clean value in candidates and selected correctly:0.8453430101938045
