rep_right:4472
rec_right:4472
wrong_cells:8581
prec:0.8760039177277179
rec:0.5211513809579303
wrong2right:4472
right2right:0
wrong2wrong:608
right2wrong:25
clean_in_cands AFTER filter:5087
proportion of clean value in candidates and selected correctly:0.8791035974034223
