rep_right:225
rec_right:225
wrong_cells:710
prec:0.907258064516129
rec:0.31690140845070425
wrong2right:225
right2right:0
wrong2wrong:22
right2wrong:1
clean_in_cands AFTER filter:248
proportion of clean value in candidates and selected correctly: 0.907258064479546
