rep_right:2480
rec_right:2480
wrong_cells:5094
prec:0.8057179987004548
rec:0.4868472712995681
wrong2right:2480
right2right:0
wrong2wrong:346
right2wrong:252
clean_in_cands AFTER filter:2739
proportion of clean value in candidates and selected correctly:0.9054399415812142
