rep_right:3888
rec_right:3888
wrong_cells:6780
prec:0.9494505494505494
rec:0.5734513274336284
wrong2right:3888
right2right:0
wrong2wrong:189
right2wrong:18
clean_in_cands AFTER filter:4061
proportion of clean value in candidates and selected correctly:0.9573996552549683
