rep_right:531
rec_right:531
wrong_cells:1260
prec:0.8690671031096563
rec:0.42142857142857143
wrong2right:531
right2right:0
wrong2wrong:67
right2wrong:13
clean_in_cands AFTER filter:598
proportion of clean value in candidates and selected correctly: 0.887959866205887
