rep_right:3384
rec_right:3384
wrong_cells:6780
prec:0.7346938775510204
rec:0.49911504424778763
wrong2right:3384
right2right:0
wrong2wrong:563
right2wrong:659
clean_in_cands AFTER filter:3949
proportion of clean value in candidates and selected correctly:0.856925803998843
