rep_right:6683
rec_right:6683
wrong_cells:10656
prec:0.8050837248524274
rec:0.6271584084084084
wrong2right:6683
right2right:0
wrong2wrong:1588
right2wrong:30
clean_in_cands AFTER filter:7869
proportion of clean value in candidates and selected correctly: 0.8492819926282256
