rep_right:4566
rec_right:4566
wrong_cells:5412
prec:0.9586395129120302
rec:0.843680709534368
wrong2right:4566
right2right:0
wrong2wrong:193
right2wrong:4
clean_in_cands AFTER filter:4691
proportion of clean value in candidates and selected correctly: 0.973353229586499
