rep_right:940
rec_right:940
wrong_cells:1425
prec:0.8647654093836247
rec:0.6596491228070176
wrong2right:940
right2right:0
wrong2wrong:111
right2wrong:36
clean_in_cands AFTER filter:1087
proportion of clean value in candidates and selected correctly: 0.8647654093756693
