rep_right:500
rec_right:500
wrong_cells:1424
prec:0.6605019815059445
rec:0.351123595505618
wrong2right:500
right2right:0
wrong2wrong:169
right2wrong:88
clean_in_cands AFTER filter:731
proportion of clean value in candidates and selected correctly: 0.6839945280344186
