rep_right:377
rec_right:377
wrong_cells:712
prec:0.8142548596112311
rec:0.5294943820224719
wrong2right:377
right2right:0
wrong2wrong:62
right2wrong:24
clean_in_cands AFTER filter:439
proportion of clean value in candidates and selected correctly: 0.8587699316433082
