rep_right:4524
rec_right:4524
wrong_cells:5373
prec:0.9504201680672268
rec:0.8419877163595757
wrong2right:4524
right2right:0
wrong2wrong:203
right2wrong:33
clean_in_cands AFTER filter:4725
proportion of clean value in candidates and selected correctly:0.9574603174582911
