rep_right:3732
rec_right:3732
wrong_cells:16893
prec:0.7996571673451897
rec:0.2209199076540579
wrong2right:3732
right2right:0
wrong2wrong:884
right2wrong:51
clean_in_cands AFTER filter:4425
proportion of clean value in candidates and selected correctly:0.8433898305065687
