rep_right:4079
rec_right:4079
wrong_cells:5541
prec:0.8877040261153427
rec:0.7361487096192023
wrong2right:4079
right2right:0
wrong2wrong:512
right2wrong:4
clean_in_cands AFTER filter:4293
proportion of clean value in candidates and selected correctly: 0.9501514092686929
