rep_right:61
rec_right:61
wrong_cells:710
prec:0.4206896551724138
rec:0.08591549295774648
wrong2right:61
right2right:0
wrong2wrong:84
right2wrong:0
clean_in_cands AFTER filter:145
proportion of clean value in candidates and selected correctly: 0.4206896551434007
