rep_right:4831
rec_right:4831
wrong_cells:6191
prec:0.876928662189145
rec:0.7803262800839929
wrong2right:4831
right2right:0
wrong2wrong:674
right2wrong:4
clean_in_cands AFTER filter:5244
proportion of clean value in candidates and selected correctly: 0.9212433257038115
