rep_right:3329
rec_right:3329
wrong_cells:3666
prec:0.9964082609997007
rec:0.9080741953082379
wrong2right:3329
right2right:0
wrong2wrong:12
right2wrong:0
clean_in_cands AFTER filter:3341
proportion of clean value in candidates and selected correctly:0.9964082609967183
