rep_right:3346
rec_right:3346
wrong_cells:3666
prec:0.9676113360323887
rec:0.9127114020731042
wrong2right:3346
right2right:0
wrong2wrong:112
right2wrong:0
clean_in_cands AFTER filter:3453
proportion of clean value in candidates and selected correctly:0.9690124529366667
