rep_right:3974
rec_right:3974
wrong_cells:4603
prec:0.9592083031619599
rec:0.863349989137519
wrong2right:3974
right2right:0
wrong2wrong:152
right2wrong:17
clean_in_cands AFTER filter:4100
proportion of clean value in candidates and selected correctly: 0.9692682926805628
