rep_right:7650
rec_right:7650
wrong_cells:8997
prec:0.9349792226839404
rec:0.8502834278092698
wrong2right:7650
right2right:0
wrong2wrong:531
right2wrong:1
clean_in_cands AFTER filter:8046
proportion of clean value in candidates and selected correctly: 0.9507829977616818
