ID,ProviderNumber,HospitalName,Address1,Address2,Address3,City,State,ZipCode,CountyName,PhoneNumber,HospitalType,HospitalOwner,EmergencyService,Condition,MeasureCode,MeasureName,Score,Sample,Stateavg
1,10018.0,callahan eye foundation hospital,1720 university blvd,empty,empty,birmingham,al,35233.0,jefferson,2053258100.0,acute care hospitals,voluntary non-profit - private,yes,surgical infection prevention,scip-card-2,surgery patients who were taking heart drugs called beta blockers before coming to the hospital who were kept on the beta blockers during the period just before and after their surgery,empty,empty,al_scip-card-2
2,10018.0,callahan eye foundation hospital,1720 university blvd,empty,empty,birmingham,al,35233.0,jefferson,2053258100.0,,voluntary non-profit - private,yes,surgical infection prevention,scip-inf-1,surgery patients who were given an antibiotic at the right time (within one hour before surgery) to help prevent infection,empty,empty,al_scip-inf-1
3,10018.0,callahan eye foundation hospital,1720 university blvd,empty,empty,birmingham,al,35233.0,jefferson,2053258100.0,acute care hospitals,voluntary non-profit - private,yes,surgical infection prevention,scip-inf-2,surgery patients who were given the  right kind  of antibiotic to help prevent infection,empty,empty,al_scip-inf-2
4,10018.0,callahan eye foundation hospital,1720 university blvd,empty,empty,birmingham,al,35233.0,jefferson,2053258100.0,acute care hospitals,voluntary non-profit - private,yes,surgical infection prevention,scip-inf-3,surgery patients whose preventive antibiotics were stopped at the right time (within 24 hours after surgery),empty,empty,al_scip-inf-3
5,10018.0,callahan eye foundation hospital,1720 university blvd,empty,empty,birmingham,al,35233.0,jefferson,2053258100.0,acute care hospitals,voluntary non-profit - private,yes,surgical infection prevention,scip-inf-4,all heart surgery patients whose blood sugar (blood glucose) is kept under good control in the days right after surgery,empty,empty,al_scip-inf-4
6,10018.0,callahan eye foundation hospital,1720 university blvd,empty,empty,birmingham,al,35233.0,jefferson,2053258100.0,acute care hospitals,voluntary non-profit - private,yes,surgical infection prevention,nan,surgery patients needing hair removed from the surgical area before surgery who had hair removed using a safer method (electric clippers or hair removal cream c not a razor),empty,empty,al_scip-inf-6
7,10018.0,callahan eye foundation hospital,1720 university blvd,empty,empty,birmingham,al,35233.0,jefferson,2053258100.0,acute care hospitals,voluntary non-profit - private,yes,surgical infection prevention,scip-vte-1,surgery patients whose doctors ordered treatments to prevent blood clots after certain types of surgeries,empty,empty,al_scip-vte-1
8,10018.0,callahan eye foundation hospital,1720 university blvd,empty,empty,birmingham,al,35233.0,jefferson,2053258100.0,acute care hospitals,voluntary non-profit - private,yes,surgical infection prevention,scip-vte-2,patients who got treatment  at the right time (within 24 hours before or after their surgery) to help prevent blood clots after certain types of surgery,empty,empty,al_scip-vte-2
9,10019.0,helen keller memorial hospital,1300 south montgomery avenue,empty,empty,sheffield,al,35660.0,jefferson,2563864556.0,acute care hospitals,government - hospital district or authority,yes,heart attack,ami-1,heart attack patients given aspirin at arrival,97%,33 patients,al_ami-1
10,10019.0,helen keller memorial hospital,1300 south montgomery avenue,empty,empty,sheffield,al,35660.0,jefferson,2563864556.0,acute care hospitals,government - hospital district or authority,yes,heart attack,ami-2,heart attack patients given aspirin at discharge,92%,13 patients,al_ami-2
11,10019.0,helen keller memorial hospital,1300 south montgomery avenue,empty,empty,sheffield,al,35660.0,jefferson,2563864556.0,acute care hospitals,government - hospital district or authority,yes,heart attack,ami-3,heart attack patients given ace inhibitor or arb for left ventricular systolic dysfunction (lvsd),75%,4 patients,al_ami-3
12,10019.0,helen keller memorial hospital,1300 south montgomery avenue,,empty,sheffield,al,35660.0,jefferson,2563864556.0,acute care hospitals,government - hospital district or authority,yes,heart attack,ami-4,heart attack patients given smoking cessation advice/counseling,100%,,al_ami-4
13,10019.0,helen keller memorial hospital,1300 south montgomery avenue,empty,empty,sheffield,al,35660.0,jefferson,2563864556.0,acute care hospitals,government - hospital district or authority,yes,heart attack,ami-5,heart attack patients given beta blocker at discharge,86%,14 patients,al_ami-5
14,10019.0,helen keller memorial hospital,1300 south montgomery avenue,empty,empty,sheffield,al,35660.0,jefferson,2563864556.0,acute care hospitals,government - hospital district or authority,yes,heart attack,ami-7a,heart attack patients given fibrinolytic medication within 30 minutes of arrival,empty,0 patients,al_ami-7a
15,10019.0,helen keller memorial hospital,1300 south montgomery avenue,empty,empty,sheffield,al,35660.0,jefferson,2563864556.0,acute care hospitals,government - hospital district or authority,yes,heart attack,ami-8a,heart attack patients given pci within 90 minutes of arrival,empty,0 patients,al_ami-8a
16,10019.0,helen keller memorial hospital,1300 south montgomery avenue,empty,empty,sheffield,al,35660.0,jefferson,2563864556.0,acute care hospitals,government - hospital district or authority,yes,heart failure,hf-1,heart failure patients given discharge instructions,80%,114 patients,al_hf-1
17,10019.0,helen keller memorial hospital,1300 south montgomery avenue,empty,empty,sheffield,al,35660.0,jefferson,2563864556.0,acute care hospitals,government - hospital district or authority,yes,heart failure,hf-2,heart failure patients given an evaluation of left ventricular systolic (lvs) function,99%,,al_hf-2
18,nan,nan,1108 ross clark circle,empty,empty,anchorage,al,36302.0,jefferson,3347938701.0,acute care hospitals,government - hospital district or authority,yes,heart failure,hf-3,heart failure patients given ace inhibitor or arb for left ventricular systolic dysfunction (lvsd),92%,37 patients,al_hf-3
19,10019.0,helen keller memorial hospital,1300 south montgomery avenue,empty,empty,sheffield,al,35660.0,jefferson,2563864556.0,acute care hospitals,government - hospital district or authority,yes,heart failure,hf-4,heart failure patients given smoking cessation advice/counseling,100%,41 patients,al_hf-4
20,10001.0,southeast alabama medical center,1108 ross clark circle,empty,empty,dothan,al,36302.0,houston,3347938701.0,acute care hospitals,government - hospital district or authority,yes,heart attack,ami-1,heart attack patients given aspirin at arrival,98%,270 patients,al_ami-1
21,10001.0,southeast alabama medical center,1108 ross clark circle,empty,empty,dothan,al,36302.0,houston,3347938701.0,acute care hospitals,government - hospital district or authority,yes,heart attack,ami-2,heart attack patients given aspirin at discharge,99%,516 patients,al_ami-2
22,10001.0,southeast alabama medical center,1108 ross clark circle,empty,empty,dothan,al,36302.0,houston,3347938701.0,acute care hospitals,government - hospital district or authority,yes,heart attack,ami-3,heart attack patients given ace inhibitor or arb for left ventricular systolic dysfunction (lvsd),96%,71 patients,al_ami-3
23,10001.0,southeast alabama medical center,1108 ross clark circle,empty,empty,dothan,al,36302.0,houston,3347938701.0,acute care hospitals,government - hospital district or authority,yes,heart attack,ami-4,heart attack patients given smoking cessation advice/counseling,100%,244 patients,al_ami-4
24,10001.0,southeast alabama medical center,1108 ross clark circle,empty,empty,dothan,al,36302.0,houston,3347938701.0,acute care hospitals,government - hospital district or authority,yes,heart attack,ami-5,heart attack patients given beta blocker at discharge,99%,441 patients,al_ami-5
25,10001.0,southeast alabama medical center,1108 ross clark circle,empty,empty,dothan,al,36302.0,houston,3347938701.0,acute care hospitals,government - hospital district or authority,yes,heart attack,ami-7a,heart attack patients given fibrinolytic medication within 30 minutes of arrival,empty,,al_ami-7a
26,10001.0,southeast alabama medical center,1108 ross clark circle,empty,empty,dothan,al,36302.0,houston,3347938701.0,acute care hospitals,government - hospital district or authority,yes,heart attack,ami-8a,heart attack patients given pci within 90 minutes of arrival,72%,40 patients,al_ami-8a
27,10001.0,southeast alabama medical center,1108 ross clark circle,empty,empty,dothan,al,36302.0,houston,3347938701.0,acute care hospitals,government - hospital district or authority,yes,heart failure,hf-1,heart failure patients given discharge instructions,78%,455 patients,al_hf-1
28,10001.0,southeast alabama medical center,1108 ross clark circle,empty,empty,dothan,al,36302.0,houston,3347938701.0,acute care hospitals,government - hospital district or authority,yes,heart failure,hf-2,heart failure patients given an evaluation of left ventricular systolic (lvs) function,99%,514 patients,al_hf-2
29,10001.0,southeast alabama medical center,1108 ross clark circle,empty,empty,dothan,al,36302.0,houston,3347938701.0,acute care hospitals,government - hospital district or authority,yes,heart failure,hf-3,heart failure patients given ace inhibitor or arb for left ventricular systolic dysfunction (lvsd),91%,165 patients,al_hf-3
30,10001.0,southeast alabama medical center,1108 ross clark circle,empty,empty,dothan,al,36302.0,houston,3347938701.0,acute care hospitals,government - hospital district or authority,yes,heart failure,hf-4,heart failure patients given smoking cessation advice/counseling,100%,110 patients,al_hf-4
31,10001.0,southeast alabama medical center,1108 ross clark circle,empty,empty,dothan,al,36302.0,houston,3347938701.0,,government - hospital district or authority,yes,pneumonia,pn-2,pneumonia patients assessed and given pneumococcal vaccination,93%,191 patients,al_pn-2
32,10001.0,southeast alabama medical center,1108 ross clark circle,empty,empty,dothan,al,36302.0,houston,3347938701.0,acute care hospitals,government - hospital district or authority,yes,pneumonia,pn-3b,pneumonia patients whose initial emergency room blood culture was performed prior to the administration of the first hospital dose of antibiotics,89%,125 patients,al_pn-3b
33,10001.0,southeast alabama medical center,1108 ross clark circle,empty,empty,dothan,al,36302.0,houston,3347938701.0,acute care hospitals,government - hospital district or authority,yes,pneumonia,pn-4,pneumonia patients given smoking cessation advice/counseling,99%,107 patients,al_pn-4
34,nan,nan,1108 ross clark circle,empty,empty,anchorage,al,36302.0,houston,3347938701.0,acute care hospitals,government - hospital district or authority,yes,pneumonia,pn-5c,pneumonia patients given initial antibiotic(s) within 6 hours after arrival,92%,196 patients,al_pn-5c
35,10001.0,southeast alabama medical center,1108 ross clark circle,empty,empty,dothan,al,36302.0,houston,3347938701.0,acute care hospitals,government - hospital district or authority,yes,pneumonia,pn-6,pneumonia patients given the most appropriate initial antibiotic(s),80%,147 patients,al_pn-6
36,10001.0,southeast alabama medical center,1108 ross clark circle,empty,empty,dothan,al,36302.0,houston,3347938701.0,acute care hospitals,government - hospital district or authority,yes,pneumonia,pn-7,pneumonia patients assessed and given influenza vaccination,84%,160 patients,al_pn-7
37,10001.0,southeast alabama medical center,1108 ross clark circle,empty,empty,dothan,al,36302.0,houston,3347938701.0,acute care hospitals,government - hospital district or authority,yes,surgical infection prevention,scip-card-2,surgery patients who were taking heart drugs called beta blockers before coming to the hospital who were kept on the beta blockers during the period just before and after their surgery,72%,79 patients,al_scip-card-2
38,10001.0,southeast alabama medical center,1108 ross clark circle,empty,empty,dothan,al,36302.0,houston,3347938701.0,acute care hospitals,government - hospital district or authority,yes,surgical infection prevention,scip-inf-1,surgery patients who were given an antibiotic at the right time (within one hour before surgery) to help prevent infection,94%,399 patients,al_scip-inf-1
39,10001.0,southeast alabama medical center,1108 ross clark circle,empty,empty,dothan,al,36302.0,houston,3347938701.0,acute care hospitals,government - hospital district or authority,yes,surgical infection prevention,scip-inf-2,surgery patients who were given the  right kind  of antibiotic to help prevent infection,98%,405 patients,al_scip-inf-2
40,10001.0,southeast alabama medical center,1108 ross clark circle,empty,empty,dothan,al,36302.0,houston,3347938701.0,acute care hospitals,government - hospital district or authority,yes,surgical infection prevention,scip-inf-3,surgery patients whose preventive antibiotics were stopped at the right time (within 24 hours after surgery),88%,385 patients,al_scip-inf-3
41,10001.0,southeast alabama medical center,1108 ross clark circle,empty,empty,dothan,al,36302.0,houston,3347938701.0,acute care hospitals,government - hospital district or authority,yes,surgical infection prevention,scip-inf-4,all heart surgery patients whose blood sugar (blood glucose) is kept under good control in the days right after surgery,96%,136 patients,al_scip-inf-4
42,10001.0,southeast alabama medical center,1108 ross clark circle,empty,empty,dothan,al,36302.0,houston,3347938701.0,acute care hospitals,government - hospital district or authority,yes,surgical infection prevention,nan,surgery patients needing hair removed from the surgical area before surgery who had hair removed using a safer method (electric clippers or hair removal cream c not a razor),90%,537 patients,al_scip-inf-6
43,10001.0,southeast alabama medical center,1108 ross clark circle,empty,empty,dothan,al,36302.0,houston,3347938701.0,acute care hospitals,government - hospital district or authority,yes,surgical infection prevention,scip-vte-1,surgery patients whose doctors ordered treatments to prevent blood clots after certain types of surgeries,86%,185 patients,al_scip-vte-1
44,10001.0,southeast alabama medical center,1108 ross clark circle,empty,empty,dothan,al,36302.0,houston,3347938701.0,,government - hospital district or authority,yes,surgical infection prevention,scip-vte-2,patients who got treatment  at the right time (within 24 hours before or after their surgery) to help prevent blood clots after certain types of surgery,83%,184 patients,al_scip-vte-2
45,10005.0,marshall medical center south,2505 u s highway 431 north,empty,empty,boaz,al,35957.0,marshall,2565938310.0,acute care hospitals,government - hospital district or authority,yes,heart attack,ami-1,heart attack patients given aspirin at arrival,80%,20 patients,al_ami-1
46,10005.0,marshall medical center south,2505 u s highway 431 north,empty,empty,boaz,al,35957.0,marshall,2565938310.0,acute care hospitals,government - hospital district or authority,yes,heart attack,ami-2,heart attack patients given aspirin at discharge,60%,5 patients,al_ami-2
47,10005.0,marshall medical center south,2505 u s highway 431 north,empty,empty,boaz,al,35957.0,marshall,2565938310.0,acute care hospitals,government - hospital district or authority,yes,heart attack,ami-3,heart attack patients given ace inhibitor or arb for left ventricular systolic dysfunction (lvsd),100%,2 patients,al_ami-3
48,10005.0,marshall medical center south,2505 u s highway 431 north,empty,empty,boaz,al,35957.0,marshall,2565938310.0,acute care hospitals,government - hospital district or authority,yes,heart attack,ami-4,heart attack patients given smoking cessation advice/counseling,empty,0 patients,al_ami-4
49,10005.0,marshall medical center south,2505 u s highway 431 north,empty,empty,boaz,al,35957.0,marshall,2565938310.0,acute care hospitals,government - hospital district or authority,yes,heart attack,ami-5,heart attack patients given beta blocker at discharge,100%,5 patients,al_ami-5
50,10005.0,marshall medical center south,2505 u s highway 431 north,empty,empty,boaz,al,35957.0,marshall,2565938310.0,acute care hospitals,government - hospital district or authority,yes,heart attack,ami-7a,heart attack patients given fibrinolytic medication within 30 minutes of arrival,empty,0 patients,al_ami-7a
51,10005.0,marshall medical center south,2505 u s highway 431 north,empty,empty,boaz,al,35957.0,marshall,2565938310.0,acute care hospitals,government - hospital district or authority,yes,heart attack,ami-8a,heart attack patients given pci within 90 minutes of arrival,empty,0 patients,al_ami-8a
52,10005.0,marshall medical center south,2505 u s highway 431 north,empty,empty,boaz,al,35957.0,marshall,2565938310.0,acute care hospitals,government - hospital district or authority,yes,heart failure,hf-1,heart failure patients given discharge instructions,,110 patients,al_hf-1
53,10005.0,marshall medical center south,2505 u s highway 431 north,empty,empty,boaz,al,35957.0,marshall,2565938310.0,acute care hospitals,government - hospital district or authority,yes,heart failure,hf-2,heart failure patients given an evaluation of left ventricular systolic (lvs) function,99%,160 patients,al_hf-2
54,10005.0,marshall medical center south,2505 u s highway 431 north,empty,empty,boaz,,35957.0,marshall,2565938310.0,acute care hospitals,government - hospital district or authority,yes,heart failure,hf-3,heart failure patients given ace inhibitor or arb for left ventricular systolic dysfunction (lvsd),90%,69 patients,al_hf-3
55,10005.0,marshall medical center south,2505 u s highway 431 north,empty,empty,boaz,al,35957.0,marshall,2565938310.0,acute care hospitals,government - hospital district or authority,yes,heart failure,hf-4,heart failure patients given smoking cessation advice/counseling,94%,34 patients,al_hf-4
56,10005.0,marshall medical center south,2505 u s highway 431 north,empty,empty,boaz,al,35957.0,marshall,2565938310.0,acute care hospitals,government - hospital district or authority,yes,pneumonia,pn-2,pneumonia patients assessed and given pneumococcal vaccination,97%,172 patients,al_pn-2
57,10005.0,marshall medical center south,2505 u s highway 431 north,empty,empty,boaz,al,35957.0,marshall,2565938310.0,acute care hospitals,government - hospital district or authority,yes,pneumonia,pn-3b,pneumonia patients whose initial emergency room blood culture was performed prior to the administration of the first hospital dose of antibiotics,97%,120 patients,al_pn-3b
58,10005.0,marshall medical center south,2505 u s highway 431 north,empty,empty,boaz,al,35957.0,marshall,2565938310.0,,government - hospital district or authority,yes,pneumonia,pn-4,pneumonia patients given smoking cessation advice/counseling,97%,98 patients,al_pn-4
59,10005.0,marshall medical center south,2505 u s highway 431 north,empty,empty,boaz,al,35957.0,marshall,2565938310.0,acute care hospitals,government - hospital district or authority,yes,pneumonia,pn-5c,pneumonia patients given initial antibiotic(s) within 6 hours after arrival,96%,211 patients,al_pn-5c
60,10005.0,marshall medical center south,2505 u s highway 431 north,empty,empty,boaz,al,35957.0,marshall,2565938310.0,acute care hospitals,government - hospital district or authority,yes,pneumonia,pn-6,pneumonia patients given the most appropriate initial antibiotic(s),92%,175 patients,al_pn-6
61,10005.0,marshall medical center south,2505 u s highway 431 north,empty,empty,boaz,al,35957.0,marshall,2565938310.0,acute care hospitals,government - hospital district or authority,yes,pneumonia,pn-7,pneumonia patients assessed and given influenza vaccination,81%,118 patients,al_pn-7
62,10005.0,marshall medical center south,2505 u s highway 431 north,empty,empty,boaz,al,35957.0,marshall,2565938310.0,acute care hospitals,government - hospital district or authority,yes,surgical infection prevention,scip-card-2,surgery patients who were taking heart drugs called beta blockers before coming to the hospital who were kept on the beta blockers during the period just before and after their surgery,36%,14 patients,al_scip-card-2
63,10005.0,marshall medical center south,2505 u s highway 431 north,empty,empty,boaz,al,35957.0,marshall,2565938310.0,acute care hospitals,government - hospital district or authority,yes,surgical infection prevention,scip-inf-1,surgery patients who were given an antibiotic at the right time (within one hour before surgery) to help prevent infection,96%,168 patients,al_scip-inf-1
64,10005.0,marshall medical center south,2505 u s highway 431 north,empty,empty,boaz,al,35957.0,marshall,2565938310.0,acute care hospitals,government - hospital district or authority,yes,surgical infection prevention,scip-inf-2,surgery patients who were given the  right kind  of antibiotic to help prevent infection,93%,167 patients,al_scip-inf-2
65,10005.0,marshall medical center south,2505 u s highway 431 north,empty,empty,boaz,al,35957.0,marshall,2565938310.0,acute care hospitals,government - hospital district or authority,yes,surgical infection prevention,scip-inf-3,surgery patients whose preventive antibiotics were stopped at the right time (within 24 hours after surgery),95%,158 patients,al_scip-inf-3
66,10005.0,marshall medical center south,2505 u s highway 431 north,empty,empty,boaz,al,35957.0,marshall,2565938310.0,acute care hospitals,government - hospital district or authority,yes,surgical infection prevention,scip-inf-4,all heart surgery patients whose blood sugar (blood glucose) is kept under good control in the days right after surgery,empty,0 patients,al_scip-inf-4
67,10005.0,marshall medical center south,2505 u s highway 431 north,empty,empty,boaz,al,35957.0,marshall,2565938310.0,acute care hospitals,government - hospital district or authority,yes,surgical infection prevention,scip-inf-6,surgery patients needing hair removed from the surgical area before surgery who had hair removed using a safer method (electric clippers or hair removal cream c not a razor),100%,,al_scip-inf-6
68,10005.0,marshall medical center south,2505 u s highway 431 north,empty,empty,boaz,,35957.0,marshall,2565938310.0,acute care hospitals,government - hospital district or authority,yes,surgical infection prevention,scip-vte-1,surgery patients whose doctors ordered treatments to prevent blood clots after certain types of surgeries,78%,76 patients,al_scip-vte-1
69,10005.0,marshall medical center south,2505 u s highway 431 north,empty,empty,boaz,al,35957.0,marshall,2565938310.0,,government - hospital district or authority,yes,surgical infection prevention,scip-vte-2,patients who got treatment  at the right time (within 24 hours before or after their surgery) to help prevent blood clots after certain types of surgery,74%,76 patients,al_scip-vte-2
70,10006.0,eliza coffee memorial hospital,205 marengo street,empty,empty,florence,al,35631.0,lauderdale,2567688400.0,acute care hospitals,voluntary non-profit - other,yes,heart attack,ami-1,heart attack patients given aspirin at arrival,97%,159 patients,al_ami-1
71,10006.0,eliza coffee memorial hospital,205 marengo street,empty,empty,florence,al,35631.0,lauderdale,2567688400.0,acute care hospitals,voluntary non-profit - other,yes,heart attack,ami-2,heart attack patients given aspirin at discharge,96%,247 patients,al_ami-2
72,10006.0,eliza coffee memorial hospital,205 marengo street,empty,empty,florence,al,35631.0,lauderdale,2567688400.0,acute care hospitals,voluntary non-profit - other,yes,heart attack,ami-3,heart attack patients given ace inhibitor or arb for left ventricular systolic dysfunction (lvsd),93%,43 patients,al_ami-3
73,10006.0,eliza coffee memorial hospital,205 marengo street,empty,empty,florence,al,35631.0,lauderdale,2567688400.0,acute care hospitals,voluntary non-profit - other,yes,heart attack,ami-4,heart attack patients given smoking cessation advice/counseling,100%,103 patients,al_ami-4
74,10006.0,eliza coffee memorial hospital,205 marengo street,empty,empty,florence,al,35631.0,lauderdale,2567688400.0,acute care hospitals,voluntary non-profit - other,yes,heart attack,ami-5,heart attack patients given beta blocker at discharge,96%,227 patients,al_ami-5
75,10006.0,eliza coffee memorial hospital,205 marengo street,empty,empty,florence,al,35631.0,lauderdale,2567688400.0,acute care hospitals,voluntary non-profit - other,yes,heart attack,ami-7a,heart attack patients given fibrinolytic medication within 30 minutes of arrival,empty,0 patients,al_ami-7a
76,10006.0,eliza coffee memorial hospital,205 marengo street,empty,empty,florence,,35631.0,lauderdale,2567688400.0,acute care hospitals,voluntary non-profit - other,yes,heart attack,ami-8a,heart attack patients given pci within 90 minutes of arrival,98%,61 patients,al_ami-8a
77,10006.0,eliza coffee memorial hospital,205 marengo street,empty,empty,florence,al,35631.0,lauderdale,2567688400.0,acute care hospitals,voluntary non-profit - other,yes,heart failure,hf-1,heart failure patients given discharge instructions,79%,217 patients,al_hf-1
78,10006.0,eliza coffee memorial hospital,205 marengo street,empty,empty,florence,al,35631.0,lauderdale,2567688400.0,acute care hospitals,voluntary non-profit - other,yes,heart failure,hf-2,heart failure patients given an evaluation of left ventricular systolic (lvs) function,97%,259 patients,al_hf-2
79,nan,nan,1108 ross clark circle,empty,empty,anchorage,al,36302.0,lauderdale,3347938701.0,acute care hospitals,government - hospital district or authority,yes,heart failure,hf-3,heart failure patients given ace inhibitor or arb for left ventricular systolic dysfunction (lvsd),82%,84 patients,al_hf-3
80,10006.0,eliza coffee memorial hospital,205 marengo street,empty,empty,florence,al,35631.0,lauderdale,2567688400.0,acute care hospitals,voluntary non-profit - other,yes,heart failure,hf-4,heart failure patients given smoking cessation advice/counseling,100%,53 patients,al_hf-4
81,10006.0,eliza coffee memorial hospital,205 marengo street,empty,empty,florence,al,35631.0,lauderdale,2567688400.0,acute care hospitals,voluntary non-profit - other,yes,pneumonia,pn-2,pneumonia patients assessed and given pneumococcal vaccination,90%,174 patients,al_pn-2
82,10006.0,eliza coffee memorial hospital,205 marengo street,empty,empty,florence,al,35631.0,lauderdale,2567688400.0,acute care hospitals,voluntary non-profit - other,yes,pneumonia,pn-3b,pneumonia patients whose initial emergency room blood culture was performed prior to the administration of the first hospital dose of antibiotics,95%,137 patients,al_pn-3b
83,10006.0,eliza coffee memorial hospital,205 marengo street,empty,empty,florence,,35631.0,lauderdale,2567688400.0,acute care hospitals,voluntary non-profit - other,yes,pneumonia,pn-4,pneumonia patients given smoking cessation advice/counseling,100%,,al_pn-4
84,10006.0,eliza coffee memorial hospital,205 marengo street,empty,empty,florence,al,35631.0,lauderdale,2567688400.0,acute care hospitals,voluntary non-profit - other,yes,pneumonia,pn-5c,pneumonia patients given initial antibiotic(s) within 6 hours after arrival,96%,200 patients,al_pn-5c
85,10006.0,eliza coffee memorial hospital,205 marengo street,empty,,florence,al,35631.0,lauderdale,2567688400.0,,voluntary non-profit - other,yes,pneumonia,pn-6,pneumonia patients given the most appropriate initial antibiotic(s),91%,138 patients,al_pn-6
86,10006.0,eliza coffee memorial hospital,205 marengo street,empty,empty,florence,al,35631.0,lauderdale,2567688400.0,acute care hospitals,voluntary non-profit - other,yes,pneumonia,pn-7,pneumonia patients assessed and given influenza vaccination,88%,85 patients,al_pn-7
87,10006.0,eliza coffee memorial hospital,205 marengo street,,empty,florence,al,35631.0,lauderdale,2567688400.0,acute care hospitals,voluntary non-profit - other,yes,surgical infection prevention,scip-card-2,surgery patients who were taking heart drugs called beta blockers before coming to the hospital who were kept on the beta blockers during the period just before and after their surgery,96%,107 patients,al_scip-card-2
88,10006.0,eliza coffee memorial hospital,205 marengo street,empty,empty,florence,al,35631.0,lauderdale,2567688400.0,acute care hospitals,voluntary non-profit - other,yes,surgical infection prevention,scip-inf-1,surgery patients who were given an antibiotic at the right time (within one hour before surgery) to help prevent infection,99%,457 patients,al_scip-inf-1
89,10006.0,eliza coffee memorial hospital,205 marengo street,empty,,florence,al,35631.0,lauderdale,2567688400.0,acute care hospitals,voluntary non-profit - other,yes,surgical infection prevention,nan,surgery patients needing hair removed from the surgical area before surgery who had hair removed using a safer method (electric clippers or hair removal cream c not a razor),99%,462 patients,al_scip-inf-6
90,10006.0,eliza coffee memorial hospital,205 marengo street,empty,empty,florence,al,35631.0,lauderdale,2567688400.0,acute care hospitals,voluntary non-profit - other,yes,surgical infection prevention,scip-inf-3,surgery patients whose preventive antibiotics were stopped at the right time (within 24 hours after surgery),94%,439 patients,al_scip-inf-3
91,10006.0,eliza coffee memorial hospital,205 marengo street,empty,empty,florence,al,35631.0,lauderdale,2567688400.0,acute care hospitals,voluntary non-profit - other,yes,surgical infection prevention,scip-inf-4,all heart surgery patients whose blood sugar (blood glucose) is kept under good control in the days right after surgery,89%,130 patients,al_scip-inf-4
92,nan,nan,1108 ross clark circle,empty,empty,anchorage,al,36302.0,lauderdale,3347938701.0,acute care hospitals,government - hospital district or authority,yes,surgical infection prevention,scip-inf-6,surgery patients needing hair removed from the surgical area before surgery who had hair removed using a safer method (electric clippers or hair removal cream c not a razor),100%,619 patients,al_scip-inf-6
93,10006.0,eliza coffee memorial hospital,205 marengo street,empty,empty,florence,al,35631.0,lauderdale,2567688400.0,acute care hospitals,voluntary non-profit - other,yes,surgical infection prevention,scip-vte-1,surgery patients whose doctors ordered treatments to prevent blood clots after certain types of surgeries,95%,242 patients,al_scip-vte-1
94,10006.0,eliza coffee memorial hospital,205 marengo street,empty,empty,florence,al,35631.0,lauderdale,2567688400.0,acute care hospitals,voluntary non-profit - other,yes,surgical infection prevention,scip-vte-2,patients who got treatment  at the right time (within 24 hours before or after their surgery) to help prevent blood clots after certain types of surgery,92%,242 patients,al_scip-vte-2
95,10007.0,mizell memorial hospital,702 n main st,empty,empty,opp,,36467.0,covington,3344933541.0,acute care hospitals,voluntary non-profit - private,no,heart attack,ami-1,heart attack patients given aspirin at arrival,60%,5 patients,al_ami-1
96,10007.0,mizell memorial hospital,702 n main st,empty,empty,opp,al,36467.0,covington,3344933541.0,acute care hospitals,voluntary non-profit - private,no,heart attack,ami-2,heart attack patients given aspirin at discharge,50%,2 patients,al_ami-2
97,10007.0,mizell memorial hospital,702 n main st,empty,empty,opp,al,36467.0,covington,3344933541.0,acute care hospitals,voluntary non-profit - private,no,heart attack,ami-3,heart attack patients given ace inhibitor or arb for left ventricular systolic dysfunction (lvsd),empty,0 patients,al_ami-3
98,10007.0,mizell memorial hospital,702 n main st,empty,empty,opp,al,36467.0,covington,3344933541.0,acute care hospitals,voluntary non-profit - private,no,heart attack,ami-4,heart attack patients given smoking cessation advice/counseling,empty,0 patients,al_ami-4
99,10007.0,mizell memorial hospital,702 n main st,empty,empty,opp,al,36467.0,covington,3344933541.0,acute care hospitals,voluntary non-profit - private,no,heart attack,ami-5,heart attack patients given beta blocker at discharge,100%,2 patients,al_ami-5
100,10007.0,mizell memorial hospital,702 n main st,empty,empty,opp,al,36467.0,covington,3344933541.0,acute care hospitals,voluntary non-profit - private,no,heart attack,ami-7a,heart attack patients given fibrinolytic medication within 30 minutes of arrival,,0 patients,al_ami-7a
101,10007.0,mizell memorial hospital,702 n main st,empty,empty,opp,al,36467.0,covington,3344933541.0,acute care hospitals,voluntary non-profit - private,no,heart attack,ami-8a,heart attack patients given pci within 90 minutes of arrival,empty,0 patients,al_ami-8a
102,10007.0,mizell memorial hospital,702 n main st,empty,empty,opp,al,36467.0,covington,3344933541.0,acute care hospitals,voluntary non-profit - private,no,heart failure,hf-1,heart failure patients given discharge instructions,98%,59 patients,al_hf-1
103,10007.0,mizell memorial hospital,702 n main st,empty,empty,opp,al,36467.0,covington,3344933541.0,acute care hospitals,voluntary non-profit - private,no,heart failure,hf-2,heart failure patients given an evaluation of left ventricular systolic (lvs) function,87%,76 patients,al_hf-2
104,10007.0,mizell memorial hospital,702 n main st,empty,empty,opp,al,36467.0,covington,3344933541.0,acute care hospitals,voluntary non-profit - private,no,heart failure,hf-3,heart failure patients given ace inhibitor or arb for left ventricular systolic dysfunction (lvsd),64%,14 patients,al_hf-3
105,10007.0,mizell memorial hospital,702 n main st,empty,empty,opp,al,36467.0,covington,3344933541.0,acute care hospitals,voluntary non-profit - private,no,heart failure,hf-4,heart failure patients given smoking cessation advice/counseling,100%,8 patients,al_hf-4
106,10007.0,mizell memorial hospital,702 n main st,empty,empty,opp,al,36467.0,covington,3344933541.0,acute care hospitals,voluntary non-profit - private,no,pneumonia,pn-2,pneumonia patients assessed and given pneumococcal vaccination,87%,85 patients,al_pn-2
107,10007.0,mizell memorial hospital,702 n main st,empty,,opp,al,36467.0,covington,3344933541.0,acute care hospitals,voluntary non-profit - private,no,pneumonia,pn-3b,pneumonia patients whose initial emergency room blood culture was performed prior to the administration of the first hospital dose of antibiotics,78%,64 patients,al_pn-3b
108,nan,nan,1108 ross clark circle,empty,empty,anchorage,al,36302.0,covington,3347938701.0,acute care hospitals,government - hospital district or authority,yes,pneumonia,pn-4,pneumonia patients given smoking cessation advice/counseling,100%,28 patients,al_pn-4
109,10007.0,mizell memorial hospital,702 n main st,empty,empty,opp,,36467.0,covington,3344933541.0,,voluntary non-profit - private,no,pneumonia,pn-5c,pneumonia patients given initial antibiotic(s) within 6 hours after arrival,95%,87 patients,al_pn-5c
110,10007.0,mizell memorial hospital,702 n main st,empty,empty,opp,al,36467.0,covington,3344933541.0,acute care hospitals,voluntary non-profit - private,no,pneumonia,pn-6,pneumonia patients given the most appropriate initial antibiotic(s),88%,57 patients,al_pn-6
111,10007.0,mizell memorial hospital,702 n main st,empty,empty,opp,al,36467.0,covington,3344933541.0,acute care hospitals,voluntary non-profit - private,no,pneumonia,pn-7,pneumonia patients assessed and given influenza vaccination,90%,63 patients,al_pn-7
112,10007.0,mizell memorial hospital,702 n main st,empty,empty,opp,al,36467.0,covington,3344933541.0,acute care hospitals,voluntary non-profit - private,no,surgical infection prevention,scip-card-2,surgery patients who were taking heart drugs called beta blockers before coming to the hospital who were kept on the beta blockers during the period just before and after their surgery,91%,11 patients,al_scip-card-2
113,10007.0,mizell memorial hospital,702 n main st,empty,,opp,al,36467.0,covington,3344933541.0,acute care hospitals,voluntary non-profit - private,no,surgical infection prevention,scip-inf-1,surgery patients who were given an antibiotic at the right time (within one hour before surgery) to help prevent infection,88%,101 patients,al_scip-inf-1
114,10007.0,mizell memorial hospital,702 n main st,,empty,opp,al,36467.0,covington,3344933541.0,acute care hospitals,voluntary non-profit - private,no,surgical infection prevention,scip-inf-2,surgery patients who were given the  right kind  of antibiotic to help prevent infection,91%,101 patients,al_scip-inf-2
115,10007.0,mizell memorial hospital,702 n main st,empty,empty,opp,al,36467.0,covington,3344933541.0,acute care hospitals,voluntary non-profit - private,no,surgical infection prevention,scip-inf-3,surgery patients whose preventive antibiotics were stopped at the right time (within 24 hours after surgery),93%,100 patients,al_scip-inf-3
116,10007.0,mizell memorial hospital,702 n main st,empty,empty,opp,al,36467.0,covington,3344933541.0,acute care hospitals,voluntary non-profit - private,no,surgical infection prevention,scip-inf-4,all heart surgery patients whose blood sugar (blood glucose) is kept under good control in the days right after surgery,empty,0 patients,al_scip-inf-4
117,10007.0,mizell memorial hospital,702 n main st,empty,empty,opp,,36467.0,covington,3344933541.0,acute care hospitals,voluntary non-profit - private,no,surgical infection prevention,scip-inf-6,surgery patients needing hair removed from the surgical area before surgery who had hair removed using a safer method (electric clippers or hair removal cream c not a razor),100%,123 patients,al_scip-inf-6
118,10007.0,mizell memorial hospital,702 n main st,empty,empty,opp,al,36467.0,covington,3344933541.0,,voluntary non-profit - private,no,surgical infection prevention,scip-vte-1,surgery patients whose doctors ordered treatments to prevent blood clots after certain types of surgeries,87%,77 patients,al_scip-vte-1
119,10007.0,mizell memorial hospital,702 n main st,empty,empty,opp,al,36467.0,covington,3344933541.0,acute care hospitals,voluntary non-profit - private,no,surgical infection prevention,nan,surgery patients needing hair removed from the surgical area before surgery who had hair removed using a safer method (electric clippers or hair removal cream c not a razor),88%,76 patients,al_scip-inf-6
120,10008.0,crenshaw community hospital,101 hospital circle,empty,empty,luverne,al,36049.0,crenshaw,3343353374.0,acute care hospitals,government - federal,yes,heart attack,ami-1,heart attack patients given aspirin at arrival,,1 patients,al_ami-1
121,10008.0,crenshaw community hospital,101 hospital circle,empty,empty,luverne,al,36049.0,crenshaw,3343353374.0,acute care hospitals,government - federal,yes,heart attack,ami-2,heart attack patients given aspirin at discharge,100%,1 patients,al_ami-2
122,10008.0,crenshaw community hospital,101 hospital circle,empty,empty,luverne,al,36049.0,crenshaw,3343353374.0,acute care hospitals,government - federal,yes,heart attack,ami-3,heart attack patients given ace inhibitor or arb for left ventricular systolic dysfunction (lvsd),empty,0 patients,al_ami-3
123,10008.0,crenshaw community hospital,101 hospital circle,empty,empty,luverne,al,36049.0,crenshaw,3343353374.0,acute care hospitals,government - federal,yes,heart attack,ami-4,heart attack patients given smoking cessation advice/counseling,empty,0 patients,al_ami-4
124,10008.0,crenshaw community hospital,101 hospital circle,empty,empty,luverne,al,36049.0,crenshaw,3343353374.0,acute care hospitals,government - federal,yes,heart attack,ami-5,heart attack patients given beta blocker at discharge,,1 patients,al_ami-5
125,10008.0,crenshaw community hospital,101 hospital circle,empty,empty,luverne,,36049.0,crenshaw,3343353374.0,acute care hospitals,government - federal,yes,heart attack,ami-7a,heart attack patients given fibrinolytic medication within 30 minutes of arrival,empty,0 patients,al_ami-7a
126,10008.0,crenshaw community hospital,101 hospital circle,empty,empty,luverne,al,36049.0,crenshaw,3343353374.0,acute care hospitals,government - federal,yes,heart attack,ami-8a,heart attack patients given pci within 90 minutes of arrival,empty,0 patients,al_ami-8a
127,10008.0,crenshaw community hospital,101 hospital circle,empty,empty,luverne,al,36049.0,crenshaw,3343353374.0,acute care hospitals,government - federal,yes,heart failure,hf-1,heart failure patients given discharge instructions,4%,26 patients,al_hf-1
128,10008.0,crenshaw community hospital,101 hospital circle,empty,empty,luverne,al,36049.0,crenshaw,3343353374.0,,government - federal,yes,heart failure,hf-2,heart failure patients given an evaluation of left ventricular systolic (lvs) function,72%,39 patients,al_hf-2
129,10008.0,crenshaw community hospital,101 hospital circle,,empty,luverne,al,36049.0,crenshaw,3343353374.0,acute care hospitals,government - federal,yes,heart failure,hf-3,heart failure patients given ace inhibitor or arb for left ventricular systolic dysfunction (lvsd),75%,8 patients,al_hf-3
130,10008.0,crenshaw community hospital,101 hospital circle,empty,empty,luverne,al,36049.0,crenshaw,3343353374.0,acute care hospitals,government - federal,yes,heart failure,hf-4,heart failure patients given smoking cessation advice/counseling,0%,5 patients,al_hf-4
131,10008.0,crenshaw community hospital,101 hospital circle,empty,empty,luverne,al,36049.0,crenshaw,3343353374.0,acute care hospitals,government - federal,yes,pneumonia,pn-2,pneumonia patients assessed and given pneumococcal vaccination,25%,16 patients,al_pn-2
132,10008.0,crenshaw community hospital,101 hospital circle,empty,empty,luverne,al,36049.0,crenshaw,3343353374.0,acute care hospitals,government - federal,yes,pneumonia,pn-3b,pneumonia patients whose initial emergency room blood culture was performed prior to the administration of the first hospital dose of antibiotics,93%,15 patients,al_pn-3b
133,10008.0,crenshaw community hospital,101 hospital circle,empty,empty,luverne,al,36049.0,crenshaw,3343353374.0,acute care hospitals,government - federal,yes,pneumonia,pn-4,pneumonia patients given smoking cessation advice/counseling,33%,9 patients,al_pn-4
134,10008.0,crenshaw community hospital,101 hospital circle,empty,empty,luverne,al,36049.0,crenshaw,3343353374.0,acute care hospitals,government - federal,yes,pneumonia,pn-5c,pneumonia patients given initial antibiotic(s) within 6 hours after arrival,95%,21 patients,al_pn-5c
135,10008.0,crenshaw community hospital,101 hospital circle,,empty,luverne,al,36049.0,crenshaw,3343353374.0,acute care hospitals,government - federal,yes,pneumonia,pn-6,pneumonia patients given the most appropriate initial antibiotic(s),62%,21 patients,al_pn-6
136,10008.0,crenshaw community hospital,101 hospital circle,empty,empty,luverne,al,36049.0,crenshaw,3343353374.0,acute care hospitals,government - federal,yes,pneumonia,pn-7,pneumonia patients assessed and given influenza vaccination,47%,15 patients,al_pn-7
137,10008.0,crenshaw community hospital,101 hospital circle,empty,empty,luverne,al,36049.0,crenshaw,3343353374.0,acute care hospitals,government - federal,yes,surgical infection prevention,scip-card-2,surgery patients who were taking heart drugs called beta blockers before coming to the hospital who were kept on the beta blockers during the period just before and after their surgery,100%,1 patients,al_scip-card-2
138,10008.0,crenshaw community hospital,101 hospital circle,empty,empty,luverne,al,36049.0,crenshaw,3343353374.0,acute care hospitals,government - federal,yes,surgical infection prevention,scip-inf-1,surgery patients who were given an antibiotic at the right time (within one hour before surgery) to help prevent infection,100%,2 patients,al_scip-inf-1
139,10008.0,crenshaw community hospital,101 hospital circle,empty,,luverne,al,36049.0,crenshaw,3343353374.0,acute care hospitals,government - federal,yes,surgical infection prevention,scip-inf-2,surgery patients who were given the  right kind  of antibiotic to help prevent infection,100%,2 patients,al_scip-inf-2
140,10008.0,crenshaw community hospital,101 hospital circle,empty,empty,luverne,al,36049.0,crenshaw,3343353374.0,acute care hospitals,government - federal,yes,surgical infection prevention,scip-inf-3,surgery patients whose preventive antibiotics were stopped at the right time (within 24 hours after surgery),,,al_scip-inf-3
141,10008.0,crenshaw community hospital,101 hospital circle,empty,empty,luverne,al,36049.0,crenshaw,3343353374.0,acute care hospitals,government - federal,yes,surgical infection prevention,scip-inf-4,all heart surgery patients whose blood sugar (blood glucose) is kept under good control in the days right after surgery,empty,0 patients,al_scip-inf-4
142,10008.0,crenshaw community hospital,101 hospital circle,empty,empty,luverne,al,36049.0,crenshaw,3343353374.0,acute care hospitals,government - federal,yes,surgical infection prevention,scip-inf-6,surgery patients needing hair removed from the surgical area before surgery who had hair removed using a safer method (electric clippers or hair removal cream c not a razor),100%,4 patients,al_scip-inf-6
143,10008.0,crenshaw community hospital,101 hospital circle,empty,empty,luverne,al,36049.0,crenshaw,3343353374.0,acute care hospitals,government - federal,yes,surgical infection prevention,scip-vte-1,surgery patients whose doctors ordered treatments to prevent blood clots after certain types of surgeries,100%,,al_scip-vte-1
144,10008.0,crenshaw community hospital,101 hospital circle,empty,empty,luverne,,36049.0,crenshaw,3343353374.0,acute care hospitals,government - federal,yes,surgical infection prevention,scip-vte-2,patients who got treatment  at the right time (within 24 hours before or after their surgery) to help prevent blood clots after certain types of surgery,100%,4 patients,al_scip-vte-2
145,10009.0,hartselle medical center,201 pine street northwest,empty,empty,hartselle,al,35640.0,morgan,2567736511.0,acute care hospitals,proprietary,yes,heart attack,ami-1,heart attack patients given aspirin at arrival,100%,6 patients,al_ami-1
146,10009.0,hartselle medical center,201 pine street northwest,empty,empty,hartselle,al,35640.0,morgan,2567736511.0,acute care hospitals,proprietary,yes,heart attack,ami-2,heart attack patients given aspirin at discharge,,,al_ami-2
147,10009.0,hartselle medical center,201 pine street northwest,empty,empty,hartselle,al,35640.0,morgan,2567736511.0,acute care hospitals,proprietary,yes,heart attack,ami-3,heart attack patients given ace inhibitor or arb for left ventricular systolic dysfunction (lvsd),100%,1 patients,al_ami-3
148,nan,nan,1108 ross clark circle,empty,empty,anchorage,al,36302.0,morgan,3347938701.0,acute care hospitals,government - hospital district or authority,yes,heart attack,ami-4,heart attack patients given smoking cessation advice/counseling,100%,2 patients,al_ami-4
149,10009.0,hartselle medical center,201 pine street northwest,empty,empty,hartselle,al,35640.0,morgan,2567736511.0,acute care hospitals,proprietary,yes,heart attack,ami-5,heart attack patients given beta blocker at discharge,100%,3 patients,al_ami-5
150,10009.0,hartselle medical center,201 pine street northwest,empty,empty,hartselle,al,35640.0,morgan,2567736511.0,acute care hospitals,proprietary,yes,heart attack,ami-7a,heart attack patients given fibrinolytic medication within 30 minutes of arrival,empty,0 patients,al_ami-7a
151,10009.0,hartselle medical center,201 pine street northwest,empty,empty,hartselle,al,35640.0,morgan,2567736511.0,acute care hospitals,proprietary,yes,heart attack,ami-8a,heart attack patients given pci within 90 minutes of arrival,empty,0 patients,al_ami-8a
152,10009.0,hartselle medical center,201 pine street northwest,empty,empty,hartselle,al,35640.0,morgan,2567736511.0,,proprietary,yes,heart failure,hf-1,heart failure patients given discharge instructions,97%,,al_hf-1
153,10009.0,hartselle medical center,201 pine street northwest,empty,empty,hartselle,al,35640.0,morgan,2567736511.0,acute care hospitals,proprietary,yes,heart failure,hf-2,heart failure patients given an evaluation of left ventricular systolic (lvs) function,98%,42 patients,al_hf-2
154,10009.0,hartselle medical center,201 pine street northwest,empty,empty,hartselle,al,35640.0,morgan,2567736511.0,acute care hospitals,proprietary,yes,heart failure,hf-3,heart failure patients given ace inhibitor or arb for left ventricular systolic dysfunction (lvsd),100%,10 patients,al_hf-3
155,10009.0,hartselle medical center,201 pine street northwest,empty,empty,hartselle,al,35640.0,morgan,2567736511.0,acute care hospitals,proprietary,yes,heart failure,hf-4,heart failure patients given smoking cessation advice/counseling,100%,12 patients,al_hf-4
156,10009.0,hartselle medical center,201 pine street northwest,empty,empty,hartselle,al,35640.0,morgan,2567736511.0,acute care hospitals,proprietary,yes,pneumonia,pn-2,pneumonia patients assessed and given pneumococcal vaccination,98%,44 patients,al_pn-2
157,10009.0,hartselle medical center,201 pine street northwest,empty,,hartselle,al,35640.0,morgan,2567736511.0,acute care hospitals,proprietary,yes,pneumonia,pn-3b,pneumonia patients whose initial emergency room blood culture was performed prior to the administration of the first hospital dose of antibiotics,100%,30 patients,al_pn-3b
158,nan,nan,1108 ross clark circle,empty,empty,anchorage,al,36302.0,morgan,3347938701.0,acute care hospitals,government - hospital district or authority,yes,pneumonia,pn-4,pneumonia patients given smoking cessation advice/counseling,100%,25 patients,al_pn-4
159,10009.0,hartselle medical center,201 pine street northwest,empty,empty,hartselle,al,35640.0,morgan,2567736511.0,acute care hospitals,proprietary,yes,pneumonia,pn-5c,pneumonia patients given initial antibiotic(s) within 6 hours after arrival,98%,,al_pn-5c
160,10009.0,hartselle medical center,201 pine street northwest,empty,empty,hartselle,al,35640.0,morgan,2567736511.0,acute care hospitals,proprietary,yes,pneumonia,pn-6,pneumonia patients given the most appropriate initial antibiotic(s),100%,45 patients,al_pn-6
161,10009.0,hartselle medical center,201 pine street northwest,empty,empty,hartselle,al,35640.0,morgan,2567736511.0,acute care hospitals,proprietary,yes,pneumonia,pn-7,pneumonia patients assessed and given influenza vaccination,97%,30 patients,al_pn-7
162,10009.0,hartselle medical center,201 pine street northwest,empty,empty,hartselle,al,35640.0,morgan,2567736511.0,acute care hospitals,proprietary,yes,surgical infection prevention,scip-card-2,surgery patients who were taking heart drugs called beta blockers before coming to the hospital who were kept on the beta blockers during the period just before and after their surgery,67%,3 patients,al_scip-card-2
163,10009.0,hartselle medical center,201 pine street northwest,empty,empty,hartselle,al,35640.0,morgan,2567736511.0,acute care hospitals,proprietary,yes,surgical infection prevention,scip-inf-1,surgery patients who were given an antibiotic at the right time (within one hour before surgery) to help prevent infection,100%,6 patients,al_scip-inf-1
164,nan,nan,1108 ross clark circle,empty,empty,anchorage,,36302.0,morgan,3347938701.0,acute care hospitals,government - hospital district or authority,yes,surgical infection prevention,scip-inf-2,surgery patients who were given the  right kind  of antibiotic to help prevent infection,57%,,al_scip-inf-2
165,10009.0,hartselle medical center,201 pine street northwest,empty,empty,hartselle,al,35640.0,morgan,2567736511.0,acute care hospitals,proprietary,yes,surgical infection prevention,scip-inf-3,surgery patients whose preventive antibiotics were stopped at the right time (within 24 hours after surgery),80%,5 patients,al_scip-inf-3
166,10009.0,hartselle medical center,201 pine street northwest,empty,empty,hartselle,al,35640.0,morgan,2567736511.0,acute care hospitals,proprietary,yes,surgical infection prevention,scip-inf-4,all heart surgery patients whose blood sugar (blood glucose) is kept under good control in the days right after surgery,empty,0 patients,al_scip-inf-4
167,10009.0,hartselle medical center,201 pine street northwest,empty,empty,hartselle,al,35640.0,morgan,2567736511.0,acute care hospitals,proprietary,yes,surgical infection prevention,scip-inf-6,surgery patients needing hair removed from the surgical area before surgery who had hair removed using a safer method (electric clippers or hair removal cream c not a razor),100%,11 patients,al_scip-inf-6
168,10009.0,hartselle medical center,201 pine street northwest,empty,empty,hartselle,al,35640.0,morgan,2567736511.0,acute care hospitals,proprietary,yes,surgical infection prevention,scip-vte-1,surgery patients whose doctors ordered treatments to prevent blood clots after certain types of surgeries,78%,9 patients,al_scip-vte-1
169,10009.0,hartselle medical center,201 pine street northwest,,empty,hartselle,,35640.0,morgan,2567736511.0,acute care hospitals,proprietary,yes,surgical infection prevention,scip-vte-2,patients who got treatment  at the right time (within 24 hours before or after their surgery) to help prevent blood clots after certain types of surgery,78%,9 patients,al_scip-vte-2
170,10010.0,nan,1108 ross clark circle,empty,empty,anchorage,al,36302.0,marshall,3347938701.0,acute care hospitals,government - hospital district or authority,yes,heart attack,ami-1,heart attack patients given aspirin at arrival,100%,8 patients,al_ami-1
171,10010.0,nan,1108 ross clark circle,empty,empty,anchorage,,36302.0,marshall,3347938701.0,acute care hospitals,government - hospital district or authority,yes,heart attack,ami-2,heart attack patients given aspirin at discharge,100%,6 patients,al_ami-2
172,10010.0,nan,1108 ross clark circle,empty,empty,anchorage,,36302.0,marshall,3347938701.0,,government - hospital district or authority,yes,heart attack,ami-3,heart attack patients given ace inhibitor or arb for left ventricular systolic dysfunction (lvsd),50%,2 patients,al_ami-3
173,10010.0,nan,1108 ross clark circle,empty,empty,anchorage,al,36302.0,marshall,3347938701.0,acute care hospitals,government - hospital district or authority,yes,heart attack,ami-4,heart attack patients given smoking cessation advice/counseling,100%,2 patients,al_ami-4
174,10010.0,nan,1108 ross clark circle,empty,empty,anchorage,al,36302.0,marshall,3347938701.0,acute care hospitals,government - hospital district or authority,yes,heart attack,ami-5,heart attack patients given beta blocker at discharge,83%,6 patients,al_ami-5
175,10010.0,nan,1108 ross clark circle,empty,,anchorage,al,36302.0,marshall,3347938701.0,acute care hospitals,government - hospital district or authority,yes,heart attack,ami-7a,heart attack patients given fibrinolytic medication within 30 minutes of arrival,empty,0 patients,al_ami-7a
176,10010.0,nan,1108 ross clark circle,empty,empty,anchorage,al,36302.0,marshall,3347938701.0,acute care hospitals,government - hospital district or authority,yes,surgical infection prevention,nan,surgery patients needing hair removed from the surgical area before surgery who had hair removed using a safer method (electric clippers or hair removal cream c not a razor),empty,0 patients,al_scip-inf-6
177,10010.0,nan,1108 ross clark circle,empty,empty,anchorage,al,36302.0,marshall,3347938701.0,acute care hospitals,government - hospital district or authority,yes,heart failure,hf-1,heart failure patients given discharge instructions,93%,55 patients,al_hf-1
178,10010.0,nan,1108 ross clark circle,empty,empty,anchorage,al,36302.0,marshall,3347938701.0,acute care hospitals,government - hospital district or authority,yes,heart failure,hf-2,heart failure patients given an evaluation of left ventricular systolic (lvs) function,84%,80 patients,al_hf-2
179,10010.0,nan,1108 ross clark circle,empty,empty,anchorage,,36302.0,marshall,3347938701.0,,government - hospital district or authority,yes,heart failure,hf-3,heart failure patients given ace inhibitor or arb for left ventricular systolic dysfunction (lvsd),78%,27 patients,al_hf-3
180,10010.0,nan,1108 ross clark circle,empty,empty,anchorage,al,36302.0,marshall,3347938701.0,acute care hospitals,government - hospital district or authority,yes,heart failure,hf-4,heart failure patients given smoking cessation advice/counseling,100%,10 patients,al_hf-4
181,10010.0,nan,1108 ross clark circle,empty,empty,anchorage,al,36302.0,marshall,3347938701.0,acute care hospitals,government - hospital district or authority,yes,pneumonia,pn-2,pneumonia patients assessed and given pneumococcal vaccination,87%,128 patients,al_pn-2
182,10010.0,nan,1108 ross clark circle,empty,empty,anchorage,al,36302.0,marshall,3347938701.0,acute care hospitals,government - hospital district or authority,yes,pneumonia,pn-3b,pneumonia patients whose initial emergency room blood culture was performed prior to the administration of the first hospital dose of antibiotics,94%,115 patients,al_pn-3b
183,10010.0,nan,1108 ross clark circle,empty,empty,anchorage,al,36302.0,marshall,3347938701.0,acute care hospitals,government - hospital district or authority,yes,pneumonia,pn-4,pneumonia patients given smoking cessation advice/counseling,94%,65 patients,al_pn-4
184,10010.0,nan,1108 ross clark circle,empty,empty,anchorage,al,36302.0,marshall,3347938701.0,acute care hospitals,government - hospital district or authority,yes,pneumonia,pn-5c,pneumonia patients given initial antibiotic(s) within 6 hours after arrival,97%,158 patients,al_pn-5c
185,10010.0,nan,1108 ross clark circle,empty,empty,anchorage,al,36302.0,marshall,3347938701.0,acute care hospitals,government - hospital district or authority,yes,pneumonia,pn-6,pneumonia patients given the most appropriate initial antibiotic(s),93%,133 patients,al_pn-6
186,10010.0,nan,1108 ross clark circle,empty,empty,anchorage,al,36302.0,marshall,3347938701.0,acute care hospitals,government - hospital district or authority,yes,pneumonia,pn-7,pneumonia patients assessed and given influenza vaccination,90%,101 patients,al_pn-7
187,10010.0,nan,1108 ross clark circle,empty,empty,anchorage,al,36302.0,marshall,3347938701.0,acute care hospitals,government - hospital district or authority,yes,surgical infection prevention,scip-card-2,surgery patients who were taking heart drugs called beta blockers before coming to the hospital who were kept on the beta blockers during the period just before and after their surgery,86%,14 patients,al_scip-card-2
188,10010.0,nan,1108 ross clark circle,empty,empty,anchorage,,36302.0,marshall,3347938701.0,acute care hospitals,government - hospital district or authority,yes,surgical infection prevention,scip-inf-1,surgery patients who were given an antibiotic at the right time (within one hour before surgery) to help prevent infection,95%,,al_scip-inf-1
189,10010.0,nan,1108 ross clark circle,empty,,anchorage,al,36302.0,marshall,3347938701.0,acute care hospitals,government - hospital district or authority,yes,surgical infection prevention,scip-inf-2,surgery patients who were given the  right kind  of antibiotic to help prevent infection,91%,64 patients,al_scip-inf-2
190,10010.0,nan,1108 ross clark circle,empty,empty,anchorage,al,36302.0,marshall,3347938701.0,acute care hospitals,government - hospital district or authority,yes,surgical infection prevention,scip-inf-3,surgery patients whose preventive antibiotics were stopped at the right time (within 24 hours after surgery),100%,63 patients,al_scip-inf-3
191,10010.0,nan,1108 ross clark circle,empty,empty,anchorage,al,36302.0,marshall,3347938701.0,acute care hospitals,government - hospital district or authority,yes,surgical infection prevention,scip-inf-4,all heart surgery patients whose blood sugar (blood glucose) is kept under good control in the days right after surgery,empty,0 patients,al_scip-inf-4
192,10010.0,nan,1108 ross clark circle,empty,empty,anchorage,al,36302.0,marshall,3347938701.0,acute care hospitals,government - hospital district or authority,yes,surgical infection prevention,scip-inf-6,surgery patients needing hair removed from the surgical area before surgery who had hair removed using a safer method (electric clippers or hair removal cream c not a razor),,155 patients,al_scip-inf-6
193,nan,nan,1108 ross clark circle,empty,empty,anchorage,al,36302.0,marshall,3347938701.0,acute care hospitals,government - hospital district or authority,yes,surgical infection prevention,scip-vte-1,surgery patients whose doctors ordered treatments to prevent blood clots after certain types of surgeries,86%,56 patients,al_scip-vte-1
194,10010.0,nan,1108 ross clark circle,empty,empty,anchorage,al,36302.0,marshall,3347938701.0,acute care hospitals,government - hospital district or authority,yes,surgical infection prevention,scip-vte-2,patients who got treatment  at the right time (within 24 hours before or after their surgery) to help prevent blood clots after certain types of surgery,84%,56 patients,al_scip-vte-2
195,10011.0,st vincents east,50 medical park east drive,empty,empty,birmingham,al,35235.0,jefferson,2058383122.0,acute care hospitals,voluntary non-profit - private,yes,heart attack,ami-1,heart attack patients given aspirin at arrival,99%,240 patients,al_ami-1
196,10011.0,st vincents east,50 medical park east drive,empty,empty,birmingham,al,35235.0,jefferson,2058383122.0,acute care hospitals,voluntary non-profit - private,yes,heart attack,ami-2,heart attack patients given aspirin at discharge,96%,295 patients,al_ami-2
197,10011.0,st vincents east,50 medical park east drive,empty,empty,birmingham,al,35235.0,jefferson,2058383122.0,acute care hospitals,voluntary non-profit - private,yes,heart attack,ami-3,heart attack patients given ace inhibitor or arb for left ventricular systolic dysfunction (lvsd),91%,70 patients,al_ami-3
198,10011.0,st vincents east,50 medical park east drive,empty,empty,birmingham,al,35235.0,jefferson,2058383122.0,acute care hospitals,voluntary non-profit - private,yes,heart attack,ami-4,heart attack patients given smoking cessation advice/counseling,100%,131 patients,al_ami-4
199,10011.0,st vincents east,50 medical park east drive,empty,empty,birmingham,al,35235.0,jefferson,2058383122.0,acute care hospitals,voluntary non-profit - private,yes,heart attack,ami-5,heart attack patients given beta blocker at discharge,,288 patients,al_ami-5
200,10011.0,st vincents east,50 medical park east drive,empty,empty,birmingham,,35235.0,jefferson,2058383122.0,acute care hospitals,voluntary non-profit - private,yes,heart attack,ami-7a,heart attack patients given fibrinolytic medication within 30 minutes of arrival,empty,0 patients,al_ami-7a
201,10011.0,st vincents east,50 medical park east drive,empty,empty,birmingham,al,35235.0,jefferson,2058383122.0,acute care hospitals,voluntary non-profit - private,yes,heart attack,ami-8a,heart attack patients given pci within 90 minutes of arrival,85%,48 patients,al_ami-8a
202,10011.0,st vincents east,50 medical park east drive,empty,empty,birmingham,al,35235.0,jefferson,2058383122.0,acute care hospitals,voluntary non-profit - private,yes,heart failure,hf-1,heart failure patients given discharge instructions,94%,316 patients,al_hf-1
203,10011.0,st vincents east,50 medical park east drive,empty,empty,birmingham,al,35235.0,jefferson,2058383122.0,acute care hospitals,voluntary non-profit - private,yes,heart failure,hf-2,heart failure patients given an evaluation of left ventricular systolic (lvs) function,98%,372 patients,al_hf-2
204,10011.0,st vincents east,50 medical park east drive,,empty,birmingham,al,35235.0,jefferson,2058383122.0,acute care hospitals,voluntary non-profit - private,yes,heart failure,hf-3,heart failure patients given ace inhibitor or arb for left ventricular systolic dysfunction (lvsd),,130 patients,al_hf-3
205,10011.0,st vincents east,50 medical park east drive,empty,empty,birmingham,al,35235.0,jefferson,2058383122.0,acute care hospitals,voluntary non-profit - private,yes,heart failure,hf-4,heart failure patients given smoking cessation advice/counseling,100%,69 patients,al_hf-4
206,10011.0,st vincents east,50 medical park east drive,empty,empty,birmingham,al,35235.0,jefferson,2058383122.0,acute care hospitals,voluntary non-profit - private,yes,pneumonia,pn-2,pneumonia patients assessed and given pneumococcal vaccination,87%,125 patients,al_pn-2
207,10011.0,st vincents east,50 medical park east drive,empty,empty,birmingham,,35235.0,jefferson,2058383122.0,acute care hospitals,voluntary non-profit - private,yes,pneumonia,pn-3b,pneumonia patients whose initial emergency room blood culture was performed prior to the administration of the first hospital dose of antibiotics,96%,131 patients,al_pn-3b
208,10011.0,st vincents east,50 medical park east drive,empty,empty,birmingham,al,35235.0,jefferson,2058383122.0,acute care hospitals,voluntary non-profit - private,yes,pneumonia,pn-4,pneumonia patients given smoking cessation advice/counseling,100%,69 patients,al_pn-4
209,10011.0,st vincents east,50 medical park east drive,empty,empty,birmingham,al,35235.0,jefferson,2058383122.0,acute care hospitals,voluntary non-profit - private,yes,pneumonia,pn-5c,pneumonia patients given initial antibiotic(s) within 6 hours after arrival,95%,135 patients,al_pn-5c
210,10011.0,st vincents east,50 medical park east drive,empty,empty,birmingham,al,35235.0,jefferson,2058383122.0,acute care hospitals,voluntary non-profit - private,yes,pneumonia,pn-6,pneumonia patients given the most appropriate initial antibiotic(s),91%,112 patients,al_pn-6
211,10011.0,st vincents east,50 medical park east drive,empty,empty,birmingham,al,35235.0,jefferson,2058383122.0,acute care hospitals,voluntary non-profit - private,yes,pneumonia,pn-7,pneumonia patients assessed and given influenza vaccination,85%,89 patients,al_pn-7
212,10011.0,st vincents east,50 medical park east drive,empty,empty,birmingham,al,35235.0,jefferson,2058383122.0,acute care hospitals,voluntary non-profit - private,yes,surgical infection prevention,scip-card-2,surgery patients who were taking heart drugs called beta blockers before coming to the hospital who were kept on the beta blockers during the period just before and after their surgery,83%,125 patients,al_scip-card-2
213,10011.0,st vincents east,50 medical park east drive,empty,empty,birmingham,al,35235.0,jefferson,2058383122.0,acute care hospitals,voluntary non-profit - private,yes,surgical infection prevention,scip-inf-1,surgery patients who were given an antibiotic at the right time (within one hour before surgery) to help prevent infection,97%,461 patients,al_scip-inf-1
214,10011.0,st vincents east,50 medical park east drive,empty,empty,birmingham,al,35235.0,jefferson,2058383122.0,acute care hospitals,voluntary non-profit - private,yes,surgical infection prevention,scip-inf-2,surgery patients who were given the  right kind  of antibiotic to help prevent infection,98%,473 patients,al_scip-inf-2
215,10011.0,st vincents east,50 medical park east drive,empty,empty,birmingham,al,35235.0,jefferson,2058383122.0,acute care hospitals,voluntary non-profit - private,yes,surgical infection prevention,scip-inf-3,surgery patients whose preventive antibiotics were stopped at the right time (within 24 hours after surgery),81%,442 patients,al_scip-inf-3
216,10011.0,st vincents east,50 medical park east drive,empty,empty,birmingham,al,35235.0,jefferson,2058383122.0,acute care hospitals,voluntary non-profit - private,yes,surgical infection prevention,scip-inf-4,all heart surgery patients whose blood sugar (blood glucose) is kept under good control in the days right after surgery,60%,127 patients,al_scip-inf-4
217,10011.0,st vincents east,50 medical park east drive,empty,empty,birmingham,al,35235.0,jefferson,2058383122.0,acute care hospitals,voluntary non-profit - private,yes,surgical infection prevention,scip-inf-6,surgery patients needing hair removed from the surgical area before surgery who had hair removed using a safer method (electric clippers or hair removal cream c not a razor),100%,601 patients,al_scip-inf-6
218,10011.0,st vincents east,50 medical park east drive,empty,empty,birmingham,al,35235.0,jefferson,2058383122.0,acute care hospitals,voluntary non-profit - private,yes,surgical infection prevention,scip-vte-1,surgery patients whose doctors ordered treatments to prevent blood clots after certain types of surgeries,89%,,al_scip-vte-1
219,10011.0,st vincents east,50 medical park east drive,empty,empty,birmingham,al,35235.0,jefferson,2058383122.0,acute care hospitals,voluntary non-profit - private,yes,surgical infection prevention,nan,surgery patients needing hair removed from the surgical area before surgery who had hair removed using a safer method (electric clippers or hair removal cream c not a razor),83%,224 patients,al_scip-inf-6
220,10012.0,dekalb regional medical center,200 med center drive,empty,empty,fort payne,,35968.0,de kalb,2568453150.0,acute care hospitals,voluntary non-profit - church,yes,surgical infection prevention,nan,surgery patients needing hair removed from the surgical area before surgery who had hair removed using a safer method (electric clippers or hair removal cream c not a razor),100%,46 patients,al_scip-inf-6
221,10012.0,dekalb regional medical center,200 med center drive,empty,empty,fort payne,al,35968.0,de kalb,2568453150.0,acute care hospitals,voluntary non-profit - church,yes,heart attack,ami-2,heart attack patients given aspirin at discharge,95%,39 patients,al_ami-2
222,10012.0,dekalb regional medical center,200 med center drive,empty,empty,fort payne,al,35968.0,de kalb,2568453150.0,,voluntary non-profit - church,yes,heart attack,ami-3,heart attack patients given ace inhibitor or arb for left ventricular systolic dysfunction (lvsd),91%,11 patients,al_ami-3
223,10012.0,dekalb regional medical center,200 med center drive,empty,empty,fort payne,al,35968.0,de kalb,2568453150.0,acute care hospitals,voluntary non-profit - church,yes,heart attack,ami-4,heart attack patients given smoking cessation advice/counseling,100%,14 patients,al_ami-4
224,10012.0,dekalb regional medical center,200 med center drive,empty,empty,fort payne,,35968.0,de kalb,2568453150.0,acute care hospitals,voluntary non-profit - church,yes,heart attack,ami-5,heart attack patients given beta blocker at discharge,95%,41 patients,al_ami-5
225,10012.0,dekalb regional medical center,200 med center drive,empty,empty,fort payne,al,35968.0,de kalb,2568453150.0,acute care hospitals,voluntary non-profit - church,yes,heart attack,ami-7a,heart attack patients given fibrinolytic medication within 30 minutes of arrival,100%,1 patients,al_ami-7a
226,10012.0,dekalb regional medical center,200 med center drive,empty,empty,fort payne,al,35968.0,de kalb,2568453150.0,acute care hospitals,voluntary non-profit - church,yes,heart attack,ami-8a,heart attack patients given pci within 90 minutes of arrival,40%,5 patients,al_ami-8a
227,10012.0,dekalb regional medical center,200 med center drive,empty,empty,fort payne,al,35968.0,de kalb,2568453150.0,acute care hospitals,voluntary non-profit - church,yes,heart failure,hf-1,heart failure patients given discharge instructions,89%,76 patients,al_hf-1
228,10012.0,dekalb regional medical center,200 med center drive,empty,empty,fort payne,al,35968.0,de kalb,2568453150.0,acute care hospitals,voluntary non-profit - church,yes,heart failure,hf-2,heart failure patients given an evaluation of left ventricular systolic (lvs) function,100%,94 patients,al_hf-2
229,10012.0,dekalb regional medical center,200 med center drive,empty,empty,fort payne,al,35968.0,de kalb,2568453150.0,acute care hospitals,voluntary non-profit - church,yes,heart failure,hf-3,heart failure patients given ace inhibitor or arb for left ventricular systolic dysfunction (lvsd),94%,36 patients,al_hf-3
230,10012.0,dekalb regional medical center,200 med center drive,empty,empty,fort payne,al,35968.0,de kalb,2568453150.0,acute care hospitals,voluntary non-profit - church,yes,heart failure,hf-4,heart failure patients given smoking cessation advice/counseling,100%,15 patients,al_hf-4
231,10012.0,dekalb regional medical center,200 med center drive,empty,empty,fort payne,al,35968.0,de kalb,2568453150.0,acute care hospitals,voluntary non-profit - church,yes,pneumonia,pn-2,pneumonia patients assessed and given pneumococcal vaccination,97%,69 patients,al_pn-2
232,10012.0,dekalb regional medical center,200 med center drive,empty,empty,fort payne,al,35968.0,de kalb,2568453150.0,acute care hospitals,voluntary non-profit - church,yes,pneumonia,pn-3b,pneumonia patients whose initial emergency room blood culture was performed prior to the administration of the first hospital dose of antibiotics,93%,91 patients,al_pn-3b
233,10012.0,dekalb regional medical center,200 med center drive,empty,empty,fort payne,al,35968.0,de kalb,2568453150.0,acute care hospitals,voluntary non-profit - church,yes,surgical infection prevention,nan,surgery patients needing hair removed from the surgical area before surgery who had hair removed using a safer method (electric clippers or hair removal cream c not a razor),100%,37 patients,al_scip-inf-6
234,10012.0,dekalb regional medical center,200 med center drive,,empty,fort payne,al,35968.0,de kalb,2568453150.0,acute care hospitals,voluntary non-profit - church,yes,pneumonia,pn-5c,pneumonia patients given initial antibiotic(s) within 6 hours after arrival,99%,88 patients,al_pn-5c
235,10012.0,dekalb regional medical center,200 med center drive,empty,empty,fort payne,al,35968.0,de kalb,2568453150.0,acute care hospitals,voluntary non-profit - church,yes,pneumonia,pn-6,pneumonia patients given the most appropriate initial antibiotic(s),88%,82 patients,al_pn-6
236,10012.0,dekalb regional medical center,200 med center drive,,empty,fort payne,al,35968.0,de kalb,2568453150.0,acute care hospitals,voluntary non-profit - church,yes,pneumonia,pn-7,pneumonia patients assessed and given influenza vaccination,98%,56 patients,al_pn-7
237,10012.0,dekalb regional medical center,200 med center drive,empty,empty,fort payne,al,35968.0,de kalb,2568453150.0,acute care hospitals,voluntary non-profit - church,yes,surgical infection prevention,scip-card-2,surgery patients who were taking heart drugs called beta blockers before coming to the hospital who were kept on the beta blockers during the period just before and after their surgery,100%,16 patients,al_scip-card-2
238,10012.0,dekalb regional medical center,200 med center drive,empty,empty,fort payne,al,35968.0,de kalb,2568453150.0,acute care hospitals,voluntary non-profit - church,yes,surgical infection prevention,scip-inf-1,surgery patients who were given an antibiotic at the right time (within one hour before surgery) to help prevent infection,97%,139 patients,al_scip-inf-1
239,10012.0,dekalb regional medical center,200 med center drive,empty,empty,fort payne,al,35968.0,de kalb,2568453150.0,acute care hospitals,voluntary non-profit - church,yes,surgical infection prevention,scip-inf-2,surgery patients who were given the  right kind  of antibiotic to help prevent infection,99%,147 patients,al_scip-inf-2
240,10012.0,dekalb regional medical center,200 med center drive,empty,empty,fort payne,al,35968.0,de kalb,2568453150.0,acute care hospitals,voluntary non-profit - church,yes,surgical infection prevention,scip-inf-3,surgery patients whose preventive antibiotics were stopped at the right time (within 24 hours after surgery),98%,136 patients,al_scip-inf-3
241,10012.0,dekalb regional medical center,200 med center drive,empty,empty,fort payne,al,35968.0,de kalb,2568453150.0,acute care hospitals,voluntary non-profit - church,yes,surgical infection prevention,scip-inf-4,all heart surgery patients whose blood sugar (blood glucose) is kept under good control in the days right after surgery,empty,0 patients,al_scip-inf-4
242,10012.0,dekalb regional medical center,200 med center drive,empty,empty,fort payne,al,35968.0,de kalb,2568453150.0,acute care hospitals,voluntary non-profit - church,yes,surgical infection prevention,scip-inf-6,surgery patients needing hair removed from the surgical area before surgery who had hair removed using a safer method (electric clippers or hair removal cream c not a razor),100%,179 patients,al_scip-inf-6
243,10012.0,dekalb regional medical center,200 med center drive,empty,empty,fort payne,al,35968.0,de kalb,2568453150.0,acute care hospitals,voluntary non-profit - church,yes,surgical infection prevention,scip-vte-1,surgery patients whose doctors ordered treatments to prevent blood clots after certain types of surgeries,97%,90 patients,al_scip-vte-1
244,nan,nan,1108 ross clark circle,empty,empty,anchorage,al,36302.0,de kalb,3347938701.0,acute care hospitals,government - hospital district or authority,yes,surgical infection prevention,scip-vte-2,patients who got treatment  at the right time (within 24 hours before or after their surgery) to help prevent blood clots after certain types of surgery,97%,90 patients,al_scip-vte-2
245,10015.0,southwest alabama medical center,33700 highway 43,empty,empty,thomasville,al,36784.0,clarke,3346366221.0,acute care hospitals,government - federal,yes,surgical infection prevention,nan,surgery patients needing hair removed from the surgical area before surgery who had hair removed using a safer method (electric clippers or hair removal cream c not a razor),empty,0 patients,al_scip-inf-6
246,10015.0,southwest alabama medical center,33700 highway 43,empty,empty,thomasville,al,36784.0,clarke,3346366221.0,acute care hospitals,government - federal,yes,heart attack,ami-2,heart attack patients given aspirin at discharge,empty,0 patients,al_ami-2
247,10015.0,southwest alabama medical center,33700 highway 43,,empty,thomasville,al,36784.0,clarke,3346366221.0,acute care hospitals,government - federal,yes,heart attack,ami-3,heart attack patients given ace inhibitor or arb for left ventricular systolic dysfunction (lvsd),empty,0 patients,al_ami-3
248,10015.0,southwest alabama medical center,33700 highway 43,empty,empty,thomasville,al,36784.0,clarke,3346366221.0,acute care hospitals,government - federal,yes,heart attack,ami-4,heart attack patients given smoking cessation advice/counseling,empty,0 patients,al_ami-4
249,10015.0,southwest alabama medical center,33700 highway 43,empty,empty,thomasville,al,36784.0,clarke,3346366221.0,acute care hospitals,government - federal,yes,heart attack,ami-5,heart attack patients given beta blocker at discharge,empty,0 patients,al_ami-5
250,10015.0,southwest alabama medical center,33700 highway 43,empty,empty,thomasville,al,36784.0,clarke,3346366221.0,acute care hospitals,government - federal,yes,heart attack,ami-7a,heart attack patients given fibrinolytic medication within 30 minutes of arrival,,0 patients,al_ami-7a
251,nan,nan,1108 ross clark circle,empty,empty,anchorage,al,36302.0,clarke,3347938701.0,acute care hospitals,government - hospital district or authority,yes,heart attack,ami-8a,heart attack patients given pci within 90 minutes of arrival,empty,0 patients,al_ami-8a
252,10015.0,southwest alabama medical center,33700 highway 43,empty,empty,thomasville,al,36784.0,clarke,3346366221.0,acute care hospitals,government - federal,yes,heart failure,hf-1,heart failure patients given discharge instructions,100%,79 patients,al_hf-1
253,10015.0,southwest alabama medical center,33700 highway 43,empty,empty,thomasville,al,36784.0,clarke,3346366221.0,acute care hospitals,government - federal,yes,heart failure,hf-2,heart failure patients given an evaluation of left ventricular systolic (lvs) function,89%,91 patients,al_hf-2
254,10015.0,southwest alabama medical center,33700 highway 43,empty,empty,thomasville,al,36784.0,clarke,3346366221.0,acute care hospitals,government - federal,yes,heart failure,hf-3,heart failure patients given ace inhibitor or arb for left ventricular systolic dysfunction (lvsd),88%,25 patients,al_hf-3
255,10015.0,southwest alabama medical center,33700 highway 43,empty,empty,thomasville,,36784.0,clarke,3346366221.0,acute care hospitals,government - federal,yes,heart failure,hf-4,heart failure patients given smoking cessation advice/counseling,88%,17 patients,al_hf-4
256,10015.0,southwest alabama medical center,33700 highway 43,empty,empty,thomasville,al,36784.0,clarke,3346366221.0,acute care hospitals,government - federal,yes,pneumonia,pn-2,pneumonia patients assessed and given pneumococcal vaccination,92%,25 patients,al_pn-2
257,10015.0,southwest alabama medical center,33700 highway 43,empty,empty,thomasville,al,36784.0,clarke,3346366221.0,acute care hospitals,government - federal,yes,pneumonia,pn-3b,pneumonia patients whose initial emergency room blood culture was performed prior to the administration of the first hospital dose of antibiotics,96%,24 patients,al_pn-3b
258,10015.0,southwest alabama medical center,33700 highway 43,empty,empty,thomasville,al,36784.0,clarke,3346366221.0,acute care hospitals,government - federal,yes,pneumonia,pn-4,pneumonia patients given smoking cessation advice/counseling,100%,6 patients,al_pn-4
259,10015.0,southwest alabama medical center,33700 highway 43,empty,empty,thomasville,al,36784.0,clarke,3346366221.0,acute care hospitals,government - federal,yes,pneumonia,pn-5c,pneumonia patients given initial antibiotic(s) within 6 hours after arrival,96%,24 patients,al_pn-5c
260,10015.0,southwest alabama medical center,33700 highway 43,empty,empty,thomasville,al,36784.0,clarke,3346366221.0,acute care hospitals,government - federal,yes,pneumonia,pn-6,pneumonia patients given the most appropriate initial antibiotic(s),100%,26 patients,al_pn-6
261,10015.0,southwest alabama medical center,33700 highway 43,empty,empty,thomasville,al,36784.0,clarke,3346366221.0,acute care hospitals,government - federal,yes,pneumonia,pn-7,pneumonia patients assessed and given influenza vaccination,92%,24 patients,al_pn-7
262,10015.0,southwest alabama medical center,33700 highway 43,empty,empty,thomasville,al,36784.0,clarke,3346366221.0,acute care hospitals,government - federal,yes,surgical infection prevention,scip-card-2,surgery patients who were taking heart drugs called beta blockers before coming to the hospital who were kept on the beta blockers during the period just before and after their surgery,empty,empty,al_scip-card-2
263,nan,nan,1108 ross clark circle,,empty,anchorage,al,36302.0,clarke,3347938701.0,acute care hospitals,government - hospital district or authority,yes,surgical infection prevention,scip-inf-1,surgery patients who were given an antibiotic at the right time (within one hour before surgery) to help prevent infection,86%,14 patients,al_scip-inf-1
264,10015.0,southwest alabama medical center,33700 highway 43,empty,empty,thomasville,al,36784.0,clarke,3346366221.0,acute care hospitals,government - federal,yes,surgical infection prevention,scip-inf-2,surgery patients who were given the  right kind  of antibiotic to help prevent infection,93%,14 patients,al_scip-inf-2
265,10015.0,southwest alabama medical center,33700 highway 43,empty,,thomasville,al,36784.0,clarke,3346366221.0,acute care hospitals,government - federal,yes,surgical infection prevention,scip-inf-3,surgery patients whose preventive antibiotics were stopped at the right time (within 24 hours after surgery),86%,14 patients,al_scip-inf-3
266,10015.0,southwest alabama medical center,33700 highway 43,empty,empty,thomasville,al,36784.0,clarke,3346366221.0,acute care hospitals,government - federal,yes,surgical infection prevention,scip-inf-4,all heart surgery patients whose blood sugar (blood glucose) is kept under good control in the days right after surgery,empty,0 patients,al_scip-inf-4
267,10015.0,southwest alabama medical center,33700 highway 43,empty,empty,thomasville,al,36784.0,clarke,3346366221.0,acute care hospitals,government - federal,yes,surgical infection prevention,scip-inf-6,surgery patients needing hair removed from the surgical area before surgery who had hair removed using a safer method (electric clippers or hair removal cream c not a razor),100%,,al_scip-inf-6
268,10015.0,southwest alabama medical center,33700 highway 43,,empty,thomasville,al,36784.0,clarke,3346366221.0,acute care hospitals,government - federal,yes,surgical infection prevention,scip-vte-1,surgery patients whose doctors ordered treatments to prevent blood clots after certain types of surgeries,90%,10 patients,al_scip-vte-1
269,10015.0,southwest alabama medical center,33700 highway 43,empty,empty,thomasville,al,36784.0,clarke,3346366221.0,acute care hospitals,government - federal,yes,surgical infection prevention,scip-vte-2,patients who got treatment  at the right time (within 24 hours before or after their surgery) to help prevent blood clots after certain types of surgery,90%,10 patients,al_scip-vte-2
270,10016.0,shelby baptist medical center,1000 first street north,empty,empty,alabaster,al,35007.0,shelby,2056208100.0,acute care hospitals,voluntary non-profit - church,yes,heart attack,ami-1,heart attack patients given aspirin at arrival,99%,179 patients,al_ami-1
271,10016.0,shelby baptist medical center,1000 first street north,empty,empty,alabaster,al,35007.0,shelby,2056208100.0,acute care hospitals,voluntary non-profit - church,yes,heart attack,ami-2,heart attack patients given aspirin at discharge,97%,208 patients,al_ami-2
272,10016.0,shelby baptist medical center,1000 first street north,empty,empty,alabaster,al,35007.0,shelby,2056208100.0,acute care hospitals,voluntary non-profit - church,yes,heart attack,ami-3,heart attack patients given ace inhibitor or arb for left ventricular systolic dysfunction (lvsd),100%,30 patients,al_ami-3
273,10016.0,shelby baptist medical center,1000 first street north,empty,empty,alabaster,al,35007.0,shelby,2056208100.0,acute care hospitals,voluntary non-profit - church,yes,heart attack,ami-4,heart attack patients given smoking cessation advice/counseling,,98 patients,al_ami-4
274,10016.0,shelby baptist medical center,1000 first street north,empty,empty,alabaster,al,35007.0,shelby,2056208100.0,acute care hospitals,voluntary non-profit - church,yes,heart attack,ami-5,heart attack patients given beta blocker at discharge,97%,169 patients,al_ami-5
275,10016.0,shelby baptist medical center,1000 first street north,,empty,alabaster,al,35007.0,shelby,2056208100.0,acute care hospitals,voluntary non-profit - church,yes,heart attack,ami-7a,heart attack patients given fibrinolytic medication within 30 minutes of arrival,empty,0 patients,al_ami-7a
276,10016.0,shelby baptist medical center,1000 first street north,empty,empty,alabaster,al,35007.0,shelby,2056208100.0,acute care hospitals,voluntary non-profit - church,yes,heart attack,ami-8a,heart attack patients given pci within 90 minutes of arrival,83%,36 patients,al_ami-8a
277,10016.0,shelby baptist medical center,1000 first street north,empty,empty,alabaster,al,35007.0,shelby,2056208100.0,acute care hospitals,voluntary non-profit - church,yes,heart failure,hf-1,heart failure patients given discharge instructions,86%,210 patients,al_hf-1
278,10016.0,shelby baptist medical center,1000 first street north,empty,empty,alabaster,,35007.0,shelby,2056208100.0,acute care hospitals,voluntary non-profit - church,yes,heart failure,hf-2,heart failure patients given an evaluation of left ventricular systolic (lvs) function,100%,246 patients,al_hf-2
279,10016.0,shelby baptist medical center,1000 first street north,empty,empty,alabaster,al,35007.0,shelby,2056208100.0,acute care hospitals,voluntary non-profit - church,yes,heart failure,hf-3,heart failure patients given ace inhibitor or arb for left ventricular systolic dysfunction (lvsd),97%,71 patients,al_hf-3
280,10016.0,shelby baptist medical center,1000 first street north,empty,,alabaster,al,35007.0,shelby,2056208100.0,acute care hospitals,voluntary non-profit - church,yes,heart failure,hf-4,heart failure patients given smoking cessation advice/counseling,100%,48 patients,al_hf-4
281,10016.0,shelby baptist medical center,1000 first street north,empty,empty,alabaster,al,35007.0,shelby,2056208100.0,acute care hospitals,voluntary non-profit - church,yes,pneumonia,pn-2,pneumonia patients assessed and given pneumococcal vaccination,97%,235 patients,al_pn-2
282,10016.0,shelby baptist medical center,1000 first street north,empty,empty,alabaster,al,35007.0,shelby,2056208100.0,acute care hospitals,voluntary non-profit - church,yes,pneumonia,pn-3b,pneumonia patients whose initial emergency room blood culture was performed prior to the administration of the first hospital dose of antibiotics,,110 patients,al_pn-3b
283,10016.0,shelby baptist medical center,1000 first street north,empty,empty,alabaster,,35007.0,shelby,2056208100.0,acute care hospitals,voluntary non-profit - church,yes,pneumonia,pn-4,pneumonia patients given smoking cessation advice/counseling,100%,131 patients,al_pn-4
284,10016.0,shelby baptist medical center,1000 first street north,empty,empty,alabaster,al,35007.0,shelby,2056208100.0,acute care hospitals,voluntary non-profit - church,yes,pneumonia,pn-5c,pneumonia patients given initial antibiotic(s) within 6 hours after arrival,96%,239 patients,al_pn-5c
285,10016.0,shelby baptist medical center,1000 first street north,empty,empty,alabaster,al,35007.0,shelby,2056208100.0,acute care hospitals,voluntary non-profit - church,yes,pneumonia,pn-6,pneumonia patients given the most appropriate initial antibiotic(s),93%,,al_pn-6
286,10016.0,shelby baptist medical center,1000 first street north,empty,empty,alabaster,al,35007.0,shelby,2056208100.0,acute care hospitals,voluntary non-profit - church,yes,pneumonia,pn-7,pneumonia patients assessed and given influenza vaccination,,199 patients,al_pn-7
287,10016.0,shelby baptist medical center,1000 first street north,empty,empty,alabaster,al,35007.0,shelby,2056208100.0,acute care hospitals,voluntary non-profit - church,yes,surgical infection prevention,scip-card-2,surgery patients who were taking heart drugs called beta blockers before coming to the hospital who were kept on the beta blockers during the period just before and after their surgery,89%,,al_scip-card-2
288,10016.0,shelby baptist medical center,1000 first street north,empty,empty,alabaster,al,35007.0,shelby,2056208100.0,acute care hospitals,voluntary non-profit - church,yes,surgical infection prevention,scip-inf-1,surgery patients who were given an antibiotic at the right time (within one hour before surgery) to help prevent infection,98%,368 patients,al_scip-inf-1
289,10016.0,shelby baptist medical center,1000 first street north,empty,,alabaster,al,35007.0,shelby,2056208100.0,acute care hospitals,voluntary non-profit - church,yes,surgical infection prevention,scip-inf-2,surgery patients who were given the  right kind  of antibiotic to help prevent infection,99%,370 patients,al_scip-inf-2
290,10016.0,shelby baptist medical center,1000 first street north,empty,empty,alabaster,al,35007.0,shelby,2056208100.0,acute care hospitals,voluntary non-profit - church,yes,surgical infection prevention,scip-inf-3,surgery patients whose preventive antibiotics were stopped at the right time (within 24 hours after surgery),91%,331 patients,al_scip-inf-3
291,10016.0,shelby baptist medical center,1000 first street north,empty,empty,alabaster,al,35007.0,shelby,2056208100.0,acute care hospitals,voluntary non-profit - church,yes,surgical infection prevention,scip-inf-4,all heart surgery patients whose blood sugar (blood glucose) is kept under good control in the days right after surgery,93%,116 patients,al_scip-inf-4
292,nan,nan,1108 ross clark circle,empty,empty,anchorage,al,36302.0,shelby,3347938701.0,acute care hospitals,government - hospital district or authority,yes,surgical infection prevention,scip-inf-6,surgery patients needing hair removed from the surgical area before surgery who had hair removed using a safer method (electric clippers or hair removal cream c not a razor),,588 patients,al_scip-inf-6
293,10016.0,shelby baptist medical center,1000 first street north,empty,empty,alabaster,al,35007.0,shelby,2056208100.0,acute care hospitals,voluntary non-profit - church,yes,surgical infection prevention,scip-vte-1,surgery patients whose doctors ordered treatments to prevent blood clots after certain types of surgeries,97%,226 patients,al_scip-vte-1
294,10016.0,shelby baptist medical center,1000 first street north,empty,empty,alabaster,al,35007.0,shelby,2056208100.0,acute care hospitals,voluntary non-profit - church,yes,surgical infection prevention,scip-vte-2,patients who got treatment  at the right time (within 24 hours before or after their surgery) to help prevent blood clots after certain types of surgery,94%,225 patients,al_scip-vte-2
295,10018.0,callahan eye foundation hospital,1720 university blvd,empty,empty,birmingham,al,35233.0,jefferson,2053258100.0,acute care hospitals,voluntary non-profit - private,yes,heart attack,ami-1,heart attack patients given aspirin at arrival,empty,empty,al_ami-1
296,10018.0,callahan eye foundation hospital,1720 university blvd,empty,empty,birmingham,al,35233.0,jefferson,2053258100.0,acute care hospitals,voluntary non-profit - private,yes,heart attack,ami-2,heart attack patients given aspirin at discharge,empty,empty,al_ami-2
297,10018.0,callahan eye foundation hospital,1720 university blvd,empty,empty,birmingham,al,35233.0,jefferson,2053258100.0,acute care hospitals,voluntary non-profit - private,yes,heart attack,ami-3,heart attack patients given ace inhibitor or arb for left ventricular systolic dysfunction (lvsd),,empty,al_ami-3
298,10018.0,callahan eye foundation hospital,1720 university blvd,empty,empty,birmingham,al,35233.0,jefferson,2053258100.0,acute care hospitals,voluntary non-profit - private,yes,heart attack,ami-4,heart attack patients given smoking cessation advice/counseling,empty,empty,al_ami-4
299,10018.0,callahan eye foundation hospital,1720 university blvd,empty,empty,birmingham,al,35233.0,jefferson,2053258100.0,acute care hospitals,voluntary non-profit - private,yes,heart attack,ami-5,heart attack patients given beta blocker at discharge,,empty,al_ami-5
300,10018.0,callahan eye foundation hospital,1720 university blvd,empty,empty,birmingham,al,35233.0,jefferson,2053258100.0,acute care hospitals,voluntary non-profit - private,yes,heart attack,ami-7a,heart attack patients given fibrinolytic medication within 30 minutes of arrival,empty,empty,al_ami-7a
301,10018.0,callahan eye foundation hospital,1720 university blvd,empty,empty,birmingham,al,35233.0,jefferson,2053258100.0,acute care hospitals,voluntary non-profit - private,yes,heart attack,ami-8a,heart attack patients given pci within 90 minutes of arrival,empty,empty,al_ami-8a
302,10018.0,callahan eye foundation hospital,1720 university blvd,empty,empty,birmingham,al,35233.0,jefferson,2053258100.0,acute care hospitals,voluntary non-profit - private,yes,heart failure,hf-1,heart failure patients given discharge instructions,empty,empty,al_hf-1
303,nan,nan,1108 ross clark circle,empty,empty,anchorage,al,36302.0,jefferson,3347938701.0,acute care hospitals,government - hospital district or authority,yes,heart failure,hf-2,heart failure patients given an evaluation of left ventricular systolic (lvs) function,empty,empty,al_hf-2
304,10018.0,callahan eye foundation hospital,1720 university blvd,empty,,birmingham,al,35233.0,jefferson,2053258100.0,acute care hospitals,voluntary non-profit - private,yes,heart failure,hf-3,heart failure patients given ace inhibitor or arb for left ventricular systolic dysfunction (lvsd),empty,empty,al_hf-3
305,10018.0,callahan eye foundation hospital,1720 university blvd,empty,empty,birmingham,al,35233.0,jefferson,2053258100.0,acute care hospitals,voluntary non-profit - private,yes,heart failure,hf-4,heart failure patients given smoking cessation advice/counseling,empty,empty,al_hf-4
306,10018.0,callahan eye foundation hospital,1720 university blvd,empty,empty,birmingham,,35233.0,jefferson,2053258100.0,acute care hospitals,voluntary non-profit - private,yes,pneumonia,pn-2,pneumonia patients assessed and given pneumococcal vaccination,empty,empty,al_pn-2
307,10018.0,callahan eye foundation hospital,1720 university blvd,empty,empty,birmingham,al,35233.0,jefferson,2053258100.0,acute care hospitals,voluntary non-profit - private,yes,pneumonia,pn-3b,pneumonia patients whose initial emergency room blood culture was performed prior to the administration of the first hospital dose of antibiotics,empty,empty,al_pn-3b
308,10018.0,callahan eye foundation hospital,1720 university blvd,empty,empty,birmingham,al,35233.0,jefferson,2053258100.0,acute care hospitals,voluntary non-profit - private,yes,pneumonia,pn-4,pneumonia patients given smoking cessation advice/counseling,empty,empty,al_pn-4
309,10018.0,callahan eye foundation hospital,1720 university blvd,empty,empty,birmingham,al,35233.0,jefferson,2053258100.0,acute care hospitals,voluntary non-profit - private,yes,pneumonia,pn-5c,pneumonia patients given initial antibiotic(s) within 6 hours after arrival,empty,empty,al_pn-5c
310,10018.0,callahan eye foundation hospital,1720 university blvd,empty,empty,birmingham,,35233.0,jefferson,2053258100.0,acute care hospitals,voluntary non-profit - private,yes,pneumonia,pn-6,pneumonia patients given the most appropriate initial antibiotic(s),empty,empty,al_pn-6
311,10018.0,callahan eye foundation hospital,1720 university blvd,empty,empty,birmingham,al,35233.0,jefferson,2053258100.0,acute care hospitals,voluntary non-profit - private,yes,pneumonia,pn-7,pneumonia patients assessed and given influenza vaccination,empty,empty,al_pn-7
312,10038.0,stringfellow memorial hospital,301 east 18th st,empty,empty,anniston,al,36201.0,calhoun,2562358900.0,acute care hospitals,proprietary,yes,children s asthma care,cac-2,children who received systemic corticosteroid medication (oral and iv medication that reduces inflammation and controls symptoms) while hospitalized for asthma,100%,9 patients,al_cac-2
313,10038.0,stringfellow memorial hospital,301 east 18th st,empty,empty,anniston,al,36201.0,calhoun,2562358900.0,acute care hospitals,proprietary,yes,children s asthma care,cac-3,children and their caregivers who received a home management plan of care document while hospitalized for asthma,33%,9 patients,al_cac-3
314,10038.0,stringfellow memorial hospital,301 east 18th st,empty,empty,anniston,al,36201.0,calhoun,2562358900.0,acute care hospitals,proprietary,yes,heart attack,ami-1,heart attack patients given aspirin at arrival,98%,81 patients,al_ami-1
315,nan,nan,1108 ross clark circle,empty,empty,anchorage,al,36302.0,calhoun,3347938701.0,acute care hospitals,government - hospital district or authority,yes,heart attack,ami-2,heart attack patients given aspirin at discharge,96%,73 patients,al_ami-2
316,10038.0,stringfellow memorial hospital,301 east 18th st,empty,,anniston,al,36201.0,calhoun,2562358900.0,acute care hospitals,proprietary,yes,heart attack,ami-3,heart attack patients given ace inhibitor or arb for left ventricular systolic dysfunction (lvsd),93%,,al_ami-3
317,10038.0,stringfellow memorial hospital,301 east 18th st,empty,empty,anniston,al,36201.0,calhoun,2562358900.0,acute care hospitals,proprietary,yes,heart attack,ami-4,heart attack patients given smoking cessation advice/counseling,100%,29 patients,al_ami-4
318,10038.0,stringfellow memorial hospital,301 east 18th st,empty,empty,anniston,al,36201.0,calhoun,2562358900.0,acute care hospitals,proprietary,yes,heart attack,ami-5,heart attack patients given beta blocker at discharge,93%,67 patients,al_ami-5
319,10038.0,stringfellow memorial hospital,301 east 18th st,empty,empty,anniston,al,36201.0,calhoun,2562358900.0,acute care hospitals,proprietary,yes,heart attack,ami-7a,heart attack patients given fibrinolytic medication within 30 minutes of arrival,0%,1 patients,al_ami-7a
320,10038.0,stringfellow memorial hospital,301 east 18th st,empty,empty,anniston,al,36201.0,calhoun,2562358900.0,acute care hospitals,proprietary,yes,heart attack,ami-8a,heart attack patients given pci within 90 minutes of arrival,87%,15 patients,al_ami-8a
321,10038.0,stringfellow memorial hospital,301 east 18th st,,empty,anniston,al,36201.0,calhoun,2562358900.0,acute care hospitals,proprietary,yes,heart failure,hf-1,heart failure patients given discharge instructions,87%,142 patients,al_hf-1
322,10038.0,stringfellow memorial hospital,301 east 18th st,empty,empty,anniston,al,36201.0,calhoun,2562358900.0,,proprietary,yes,heart failure,hf-2,heart failure patients given an evaluation of left ventricular systolic (lvs) function,100%,157 patients,al_hf-2
323,10038.0,stringfellow memorial hospital,301 east 18th st,empty,empty,anniston,al,36201.0,calhoun,2562358900.0,acute care hospitals,proprietary,yes,heart failure,hf-3,heart failure patients given ace inhibitor or arb for left ventricular systolic dysfunction (lvsd),90%,49 patients,al_hf-3
324,10038.0,stringfellow memorial hospital,301 east 18th st,empty,empty,anniston,,36201.0,calhoun,2562358900.0,acute care hospitals,proprietary,yes,heart failure,hf-4,heart failure patients given smoking cessation advice/counseling,100%,41 patients,al_hf-4
325,10038.0,stringfellow memorial hospital,301 east 18th st,empty,empty,anniston,al,36201.0,calhoun,2562358900.0,acute care hospitals,proprietary,yes,pneumonia,pn-2,pneumonia patients assessed and given pneumococcal vaccination,97%,110 patients,al_pn-2
326,nan,nan,1108 ross clark circle,empty,empty,anchorage,al,36302.0,calhoun,3347938701.0,acute care hospitals,government - hospital district or authority,yes,pneumonia,pn-3b,pneumonia patients whose initial emergency room blood culture was performed prior to the administration of the first hospital dose of antibiotics,100%,102 patients,al_pn-3b
327,10038.0,stringfellow memorial hospital,301 east 18th st,empty,empty,anniston,al,36201.0,calhoun,2562358900.0,acute care hospitals,proprietary,yes,pneumonia,pn-4,pneumonia patients given smoking cessation advice/counseling,100%,83 patients,al_pn-4
328,10038.0,stringfellow memorial hospital,301 east 18th st,empty,empty,anniston,al,36201.0,calhoun,2562358900.0,acute care hospitals,proprietary,yes,pneumonia,pn-5c,pneumonia patients given initial antibiotic(s) within 6 hours after arrival,97%,145 patients,al_pn-5c
329,10038.0,stringfellow memorial hospital,301 east 18th st,empty,empty,anniston,al,36201.0,calhoun,2562358900.0,acute care hospitals,proprietary,yes,pneumonia,pn-6,pneumonia patients given the most appropriate initial antibiotic(s),92%,99 patients,al_pn-6
330,10038.0,stringfellow memorial hospital,301 east 18th st,empty,empty,anniston,al,36201.0,calhoun,2562358900.0,acute care hospitals,proprietary,yes,pneumonia,pn-7,pneumonia patients assessed and given influenza vaccination,91%,87 patients,al_pn-7
331,10038.0,stringfellow memorial hospital,301 east 18th st,empty,empty,anniston,al,36201.0,calhoun,2562358900.0,acute care hospitals,proprietary,yes,surgical infection prevention,scip-card-2,surgery patients who were taking heart drugs called beta blockers before coming to the hospital who were kept on the beta blockers during the period just before and after their surgery,83%,23 patients,al_scip-card-2
332,10055.0,flowers hospital,4370 west main street,empty,empty,dothan,al,36305.0,houston,3347935000.0,acute care hospitals,proprietary,yes,heart failure,hf-2,heart failure patients given an evaluation of left ventricular systolic (lvs) function,100%,342 patients,al_hf-2
333,10055.0,flowers hospital,4370 west main street,empty,empty,dothan,,36305.0,houston,3347935000.0,acute care hospitals,proprietary,yes,heart failure,hf-3,heart failure patients given ace inhibitor or arb for left ventricular systolic dysfunction (lvsd),100%,94 patients,al_hf-3
334,nan,nan,1108 ross clark circle,empty,empty,anchorage,al,36302.0,houston,3347938701.0,acute care hospitals,government - hospital district or authority,yes,heart failure,hf-4,heart failure patients given smoking cessation advice/counseling,100%,62 patients,al_hf-4
335,10055.0,flowers hospital,4370 west main street,empty,empty,dothan,al,36305.0,houston,3347935000.0,acute care hospitals,proprietary,yes,pneumonia,pn-2,pneumonia patients assessed and given pneumococcal vaccination,100%,166 patients,al_pn-2
336,10055.0,flowers hospital,4370 west main street,empty,empty,dothan,al,36305.0,houston,3347935000.0,acute care hospitals,proprietary,yes,pneumonia,pn-3b,pneumonia patients whose initial emergency room blood culture was performed prior to the administration of the first hospital dose of antibiotics,100%,152 patients,al_pn-3b
337,10055.0,flowers hospital,4370 west main street,empty,empty,dothan,al,36305.0,houston,3347935000.0,acute care hospitals,proprietary,yes,pneumonia,pn-4,pneumonia patients given smoking cessation advice/counseling,100%,77 patients,al_pn-4
338,10055.0,flowers hospital,4370 west main street,empty,,dothan,al,36305.0,houston,3347935000.0,acute care hospitals,proprietary,yes,pneumonia,pn-5c,pneumonia patients given initial antibiotic(s) within 6 hours after arrival,99%,146 patients,al_pn-5c
339,10055.0,flowers hospital,4370 west main street,empty,empty,dothan,al,36305.0,houston,3347935000.0,acute care hospitals,proprietary,yes,pneumonia,pn-6,pneumonia patients given the most appropriate initial antibiotic(s),99%,112 patients,al_pn-6
340,10055.0,flowers hospital,4370 west main street,empty,,dothan,al,36305.0,houston,3347935000.0,acute care hospitals,proprietary,yes,pneumonia,pn-7,pneumonia patients assessed and given influenza vaccination,99%,128 patients,al_pn-7
341,10055.0,flowers hospital,4370 west main street,empty,empty,dothan,al,36305.0,houston,3347935000.0,acute care hospitals,proprietary,yes,surgical infection prevention,scip-card-2,surgery patients who were taking heart drugs called beta blockers before coming to the hospital who were kept on the beta blockers during the period just before and after their surgery,100%,147 patients,al_scip-card-2
342,10055.0,flowers hospital,4370 west main street,empty,empty,dothan,al,36305.0,houston,3347935000.0,acute care hospitals,proprietary,yes,surgical infection prevention,scip-inf-1,surgery patients who were given an antibiotic at the right time (within one hour before surgery) to help prevent infection,100%,950 patients,al_scip-inf-1
343,10055.0,flowers hospital,4370 west main street,empty,empty,dothan,al,36305.0,houston,3347935000.0,acute care hospitals,proprietary,yes,surgical infection prevention,scip-inf-2,surgery patients who were given the  right kind  of antibiotic to help prevent infection,100%,,al_scip-inf-2
344,10055.0,flowers hospital,4370 west main street,empty,,dothan,al,36305.0,houston,3347935000.0,acute care hospitals,proprietary,yes,surgical infection prevention,scip-inf-3,surgery patients whose preventive antibiotics were stopped at the right time (within 24 hours after surgery),99%,882 patients,al_scip-inf-3
345,10055.0,flowers hospital,4370 west main street,empty,empty,dothan,al,36305.0,houston,3347935000.0,acute care hospitals,proprietary,yes,surgical infection prevention,scip-inf-4,all heart surgery patients whose blood sugar (blood glucose) is kept under good control in the days right after surgery,,165 patients,al_scip-inf-4
346,10055.0,flowers hospital,4370 west main street,empty,empty,dothan,al,36305.0,houston,3347935000.0,acute care hospitals,proprietary,yes,surgical infection prevention,scip-inf-6,surgery patients needing hair removed from the surgical area before surgery who had hair removed using a safer method (electric clippers or hair removal cream c not a razor),100%,1295 patients,al_scip-inf-6
347,10055.0,flowers hospital,4370 west main street,,empty,dothan,al,36305.0,houston,3347935000.0,acute care hospitals,proprietary,yes,surgical infection prevention,scip-vte-1,surgery patients whose doctors ordered treatments to prevent blood clots after certain types of surgeries,100%,497 patients,al_scip-vte-1
348,10055.0,flowers hospital,4370 west main street,empty,empty,dothan,al,36305.0,houston,3347935000.0,acute care hospitals,proprietary,yes,surgical infection prevention,scip-vte-2,patients who got treatment  at the right time (within 24 hours before or after their surgery) to help prevent blood clots after certain types of surgery,100%,497 patients,al_scip-vte-2
349,10056.0,st vincents hospital,810 st vincents drive,empty,empty,birmingham,al,35205.0,jefferson,2059397000.0,acute care hospitals,voluntary non-profit - other,yes,heart attack,ami-1,heart attack patients given aspirin at arrival,97%,239 patients,al_ami-1
350,10056.0,st vincents hospital,810 st vincents drive,empty,empty,birmingham,al,35205.0,jefferson,2059397000.0,acute care hospitals,voluntary non-profit - other,yes,heart attack,ami-2,heart attack patients given aspirin at discharge,98%,260 patients,al_ami-2
351,10056.0,st vincents hospital,810 st vincents drive,empty,empty,birmingham,al,35205.0,jefferson,2059397000.0,acute care hospitals,voluntary non-profit - other,yes,heart attack,ami-3,heart attack patients given ace inhibitor or arb for left ventricular systolic dysfunction (lvsd),85%,41 patients,al_ami-3
352,10056.0,st vincents hospital,810 st vincents drive,empty,empty,birmingham,al,35205.0,jefferson,2059397000.0,acute care hospitals,voluntary non-profit - other,yes,heart attack,ami-4,heart attack patients given smoking cessation advice/counseling,100%,63 patients,al_ami-4
353,10056.0,st vincents hospital,810 st vincents drive,empty,empty,birmingham,al,35205.0,jefferson,2059397000.0,acute care hospitals,voluntary non-profit - other,yes,heart attack,ami-5,heart attack patients given beta blocker at discharge,96%,,al_ami-5
354,10085.0,decatur general hospital,1201 7th street se,empty,empty,decatur,al,35609.0,,2563412000.0,acute care hospitals,government - hospital district or authority,,surgical infection prevention,scip-vte-2,patients who got treatment  at the right time (within 24 hours before or after their surgery) to help prevent blood clots after certain types of surgery,87%,205 patients,al_scip-vte-2
355,10086.0,nan,1108 ross clark circle,empty,empty,anchorage,al,36302.0,marion,3347938701.0,acute care hospitals,government - hospital district or authority,yes,heart attack,ami-1,heart attack patients given aspirin at arrival,100%,10 patients,al_ami-1
356,nan,nan,1108 ross clark circle,empty,empty,anchorage,al,36302.0,marion,3347938701.0,acute care hospitals,government - hospital district or authority,yes,heart attack,ami-2,heart attack patients given aspirin at discharge,,7 patients,al_ami-2
357,10086.0,nan,1108 ross clark circle,empty,empty,anchorage,al,36302.0,marion,3347938701.0,acute care hospitals,government - hospital district or authority,yes,heart attack,ami-3,heart attack patients given ace inhibitor or arb for left ventricular systolic dysfunction (lvsd),100%,2 patients,al_ami-3
358,10086.0,nan,1108 ross clark circle,,empty,anchorage,al,36302.0,marion,3347938701.0,acute care hospitals,government - hospital district or authority,yes,heart attack,ami-4,heart attack patients given smoking cessation advice/counseling,100%,1 patients,al_ami-4
359,10086.0,nan,1108 ross clark circle,empty,empty,anchorage,al,36302.0,marion,3347938701.0,acute care hospitals,government - hospital district or authority,yes,heart attack,ami-5,heart attack patients given beta blocker at discharge,100%,8 patients,al_ami-5
360,10086.0,nan,1108 ross clark circle,empty,empty,anchorage,al,36302.0,marion,3347938701.0,acute care hospitals,government - hospital district or authority,yes,surgical infection prevention,nan,surgery patients needing hair removed from the surgical area before surgery who had hair removed using a safer method (electric clippers or hair removal cream c not a razor),0%,1 patients,al_scip-inf-6
361,10086.0,nan,1108 ross clark circle,empty,empty,anchorage,al,36302.0,marion,3347938701.0,acute care hospitals,government - hospital district or authority,yes,heart attack,ami-8a,heart attack patients given pci within 90 minutes of arrival,empty,0 patients,al_ami-8a
362,10086.0,nan,1108 ross clark circle,empty,empty,anchorage,al,36302.0,marion,3347938701.0,acute care hospitals,government - hospital district or authority,yes,heart failure,hf-1,heart failure patients given discharge instructions,90%,48 patients,al_hf-1
363,10086.0,nan,1108 ross clark circle,empty,empty,anchorage,al,36302.0,marion,3347938701.0,acute care hospitals,government - hospital district or authority,yes,heart failure,hf-2,heart failure patients given an evaluation of left ventricular systolic (lvs) function,100%,59 patients,al_hf-2
364,10086.0,nan,1108 ross clark circle,,empty,anchorage,al,36302.0,marion,3347938701.0,acute care hospitals,government - hospital district or authority,yes,heart failure,hf-3,heart failure patients given ace inhibitor or arb for left ventricular systolic dysfunction (lvsd),85%,13 patients,al_hf-3
365,10086.0,nan,1108 ross clark circle,empty,empty,anchorage,al,36302.0,marion,3347938701.0,acute care hospitals,government - hospital district or authority,yes,heart failure,hf-4,heart failure patients given smoking cessation advice/counseling,100%,14 patients,al_hf-4
366,10086.0,nan,1108 ross clark circle,empty,empty,anchorage,al,36302.0,marion,3347938701.0,acute care hospitals,government - hospital district or authority,yes,pneumonia,pn-2,pneumonia patients assessed and given pneumococcal vaccination,91%,66 patients,al_pn-2
367,10086.0,nan,1108 ross clark circle,empty,empty,anchorage,al,36302.0,,3347938701.0,acute care hospitals,government - hospital district or authority,yes,pneumonia,pn-3b,pneumonia patients whose initial emergency room blood culture was performed prior to the administration of the first hospital dose of antibiotics,98%,59 patients,al_pn-3b
368,10086.0,nan,1108 ross clark circle,empty,empty,anchorage,al,36302.0,marion,3347938701.0,acute care hospitals,government - hospital district or authority,yes,pneumonia,pn-4,pneumonia patients given smoking cessation advice/counseling,98%,40 patients,al_pn-4
369,10086.0,nan,1108 ross clark circle,empty,empty,anchorage,al,36302.0,marion,3347938701.0,acute care hospitals,government - hospital district or authority,yes,pneumonia,pn-5c,pneumonia patients given initial antibiotic(s) within 6 hours after arrival,100%,,al_pn-5c
370,10086.0,nan,1108 ross clark circle,empty,,anchorage,al,36302.0,marion,3347938701.0,acute care hospitals,government - hospital district or authority,yes,pneumonia,pn-6,pneumonia patients given the most appropriate initial antibiotic(s),100%,,al_pn-6
371,10086.0,nan,1108 ross clark circle,empty,empty,anchorage,al,36302.0,marion,3347938701.0,acute care hospitals,government - hospital district or authority,yes,pneumonia,pn-7,pneumonia patients assessed and given influenza vaccination,82%,45 patients,al_pn-7
372,10086.0,nan,1108 ross clark circle,empty,empty,anchorage,al,36302.0,marion,3347938701.0,acute care hospitals,government - hospital district or authority,yes,surgical infection prevention,scip-card-2,surgery patients who were taking heart drugs called beta blockers before coming to the hospital who were kept on the beta blockers during the period just before and after their surgery,89%,,al_scip-card-2
373,10086.0,nan,1108 ross clark circle,empty,empty,anchorage,al,36302.0,marion,3347938701.0,acute care hospitals,government - hospital district or authority,yes,surgical infection prevention,scip-inf-1,surgery patients who were given an antibiotic at the right time (within one hour before surgery) to help prevent infection,98%,102 patients,al_scip-inf-1
374,10086.0,nan,1108 ross clark circle,empty,empty,anchorage,al,36302.0,marion,3347938701.0,acute care hospitals,government - hospital district or authority,yes,surgical infection prevention,scip-inf-2,surgery patients who were given the  right kind  of antibiotic to help prevent infection,99%,103 patients,al_scip-inf-2
375,10086.0,nan,1108 ross clark circle,,empty,anchorage,al,36302.0,marion,3347938701.0,acute care hospitals,government - hospital district or authority,yes,surgical infection prevention,scip-inf-3,surgery patients whose preventive antibiotics were stopped at the right time (within 24 hours after surgery),,98 patients,al_scip-inf-3
376,10086.0,nan,1108 ross clark circle,empty,empty,anchorage,al,36302.0,marion,3347938701.0,acute care hospitals,government - hospital district or authority,yes,surgical infection prevention,scip-inf-4,all heart surgery patients whose blood sugar (blood glucose) is kept under good control in the days right after surgery,empty,0 patients,al_scip-inf-4
377,10086.0,nan,1108 ross clark circle,empty,empty,anchorage,al,36302.0,marion,3347938701.0,acute care hospitals,government - hospital district or authority,yes,surgical infection prevention,scip-inf-6,surgery patients needing hair removed from the surgical area before surgery who had hair removed using a safer method (electric clippers or hair removal cream c not a razor),100%,146 patients,al_scip-inf-6
378,10086.0,nan,1108 ross clark circle,empty,empty,anchorage,al,36302.0,marion,3347938701.0,acute care hospitals,government - hospital district or authority,yes,surgical infection prevention,scip-vte-1,surgery patients whose doctors ordered treatments to prevent blood clots after certain types of surgeries,95%,58 patients,al_scip-vte-1
379,10086.0,nan,1108 ross clark circle,empty,empty,anchorage,al,36302.0,marion,3347938701.0,acute care hospitals,government - hospital district or authority,yes,surgical infection prevention,scip-vte-2,patients who got treatment  at the right time (within 24 hours before or after their surgery) to help prevent blood clots after certain types of surgery,95%,58 patients,al_scip-vte-2
380,10087.0,univ of south alabama medical center,2451 fillingim street,empty,,mobile,al,36617.0,mobile,2514717110.0,acute care hospitals,government - state,yes,heart attack,ami-1,heart attack patients given aspirin at arrival,99%,86 patients,al_ami-1
381,10087.0,univ of south alabama medical center,2451 fillingim street,empty,empty,mobile,al,36617.0,mobile,2514717110.0,acute care hospitals,government - state,yes,heart attack,ami-2,heart attack patients given aspirin at discharge,97%,91 patients,al_ami-2
382,10087.0,univ of south alabama medical center,2451 fillingim street,empty,empty,mobile,al,36617.0,mobile,2514717110.0,acute care hospitals,government - state,yes,heart attack,ami-3,heart attack patients given ace inhibitor or arb for left ventricular systolic dysfunction (lvsd),100%,22 patients,al_ami-3
383,10087.0,univ of south alabama medical center,2451 fillingim street,empty,empty,mobile,al,36617.0,mobile,2514717110.0,acute care hospitals,government - state,yes,heart attack,ami-4,heart attack patients given smoking cessation advice/counseling,100%,58 patients,al_ami-4
384,10087.0,univ of south alabama medical center,2451 fillingim street,empty,empty,mobile,al,36617.0,mobile,2514717110.0,acute care hospitals,government - state,yes,heart attack,ami-5,heart attack patients given beta blocker at discharge,96%,96 patients,al_ami-5
385,10087.0,univ of south alabama medical center,2451 fillingim street,empty,empty,mobile,al,36617.0,mobile,2514717110.0,acute care hospitals,government - state,yes,heart attack,ami-7a,heart attack patients given fibrinolytic medication within 30 minutes of arrival,empty,0 patients,al_ami-7a
386,10087.0,univ of south alabama medical center,2451 fillingim street,empty,empty,mobile,al,36617.0,mobile,2514717110.0,acute care hospitals,government - state,yes,heart attack,ami-8a,heart attack patients given pci within 90 minutes of arrival,50%,16 patients,al_ami-8a
387,10087.0,univ of south alabama medical center,2451 fillingim street,empty,empty,mobile,al,36617.0,mobile,2514717110.0,acute care hospitals,government - state,yes,heart failure,hf-1,heart failure patients given discharge instructions,83%,146 patients,al_hf-1
388,10087.0,univ of south alabama medical center,2451 fillingim street,empty,empty,mobile,al,36617.0,mobile,2514717110.0,acute care hospitals,government - state,yes,surgical infection prevention,nan,surgery patients needing hair removed from the surgical area before surgery who had hair removed using a safer method (electric clippers or hair removal cream c not a razor),98%,150 patients,al_scip-inf-6
389,10087.0,univ of south alabama medical center,2451 fillingim street,empty,empty,mobile,al,36617.0,mobile,2514717110.0,acute care hospitals,government - state,yes,heart failure,hf-3,heart failure patients given ace inhibitor or arb for left ventricular systolic dysfunction (lvsd),96%,84 patients,al_hf-3
390,10087.0,univ of south alabama medical center,2451 fillingim street,empty,empty,mobile,al,36617.0,mobile,2514717110.0,acute care hospitals,government - state,yes,heart failure,hf-4,heart failure patients given smoking cessation advice/counseling,100%,45 patients,al_hf-4
391,10087.0,univ of south alabama medical center,2451 fillingim street,empty,empty,mobile,al,36617.0,mobile,2514717110.0,acute care hospitals,government - state,yes,surgical infection prevention,nan,surgery patients needing hair removed from the surgical area before surgery who had hair removed using a safer method (electric clippers or hair removal cream c not a razor),71%,7 patients,al_scip-inf-6
392,10087.0,univ of south alabama medical center,2451 fillingim street,empty,empty,mobile,al,36617.0,mobile,2514717110.0,acute care hospitals,government - state,yes,pneumonia,pn-3b,pneumonia patients whose initial emergency room blood culture was performed prior to the administration of the first hospital dose of antibiotics,89%,35 patients,al_pn-3b
393,10108.0,prattville baptist hospital,124 s memorial dr,empty,empty,prattville,al,36067.0,autauga,3343614267.0,acute care hospitals,voluntary non-profit - private,yes,heart attack,ami-2,heart attack patients given aspirin at discharge,100%,,al_ami-2
394,10108.0,prattville baptist hospital,124 s memorial dr,empty,empty,prattville,al,36067.0,autauga,3343614267.0,acute care hospitals,voluntary non-profit - private,yes,heart attack,ami-3,heart attack patients given ace inhibitor or arb for left ventricular systolic dysfunction (lvsd),67%,3 patients,al_ami-3
395,10108.0,prattville baptist hospital,124 s memorial dr,empty,empty,prattville,al,36067.0,autauga,3343614267.0,acute care hospitals,voluntary non-profit - private,yes,heart attack,ami-4,heart attack patients given smoking cessation advice/counseling,empty,0 patients,al_ami-4
396,10108.0,prattville baptist hospital,124 s memorial dr,empty,empty,prattville,al,36067.0,autauga,3343614267.0,acute care hospitals,voluntary non-profit - private,yes,heart attack,ami-5,heart attack patients given beta blocker at discharge,100%,5 patients,al_ami-5
397,10108.0,prattville baptist hospital,124 s memorial dr,empty,empty,prattville,al,36067.0,autauga,3343614267.0,acute care hospitals,voluntary non-profit - private,yes,heart attack,ami-7a,heart attack patients given fibrinolytic medication within 30 minutes of arrival,empty,0 patients,al_ami-7a
398,10108.0,prattville baptist hospital,124 s memorial dr,empty,empty,prattville,al,36067.0,autauga,3343614267.0,acute care hospitals,voluntary non-profit - private,yes,heart attack,ami-8a,heart attack patients given pci within 90 minutes of arrival,empty,0 patients,al_ami-8a
399,10108.0,prattville baptist hospital,124 s memorial dr,empty,empty,prattville,al,36067.0,autauga,3343614267.0,acute care hospitals,voluntary non-profit - private,yes,heart failure,hf-1,heart failure patients given discharge instructions,96%,,al_hf-1
400,10108.0,prattville baptist hospital,124 s memorial dr,empty,empty,prattville,al,36067.0,autauga,3343614267.0,acute care hospitals,voluntary non-profit - private,yes,heart failure,hf-2,heart failure patients given an evaluation of left ventricular systolic (lvs) function,94%,93 patients,al_hf-2
401,nan,nan,1108 ross clark circle,empty,empty,anchorage,al,36302.0,autauga,3347938701.0,acute care hospitals,government - hospital district or authority,yes,heart failure,hf-3,heart failure patients given ace inhibitor or arb for left ventricular systolic dysfunction (lvsd),94%,18 patients,al_hf-3
402,10108.0,prattville baptist hospital,124 s memorial dr,empty,empty,prattville,al,36067.0,autauga,3343614267.0,acute care hospitals,voluntary non-profit - private,yes,heart failure,hf-4,heart failure patients given smoking cessation advice/counseling,96%,27 patients,al_hf-4
403,10108.0,prattville baptist hospital,124 s memorial dr,empty,empty,prattville,al,36067.0,autauga,3343614267.0,acute care hospitals,voluntary non-profit - private,yes,pneumonia,pn-2,pneumonia patients assessed and given pneumococcal vaccination,94%,116 patients,al_pn-2
404,10108.0,prattville baptist hospital,124 s memorial dr,empty,empty,prattville,al,36067.0,autauga,3343614267.0,acute care hospitals,voluntary non-profit - private,yes,pneumonia,pn-3b,pneumonia patients whose initial emergency room blood culture was performed prior to the administration of the first hospital dose of antibiotics,95%,138 patients,al_pn-3b
405,nan,nan,1108 ross clark circle,empty,,anchorage,al,36302.0,autauga,3347938701.0,acute care hospitals,government - hospital district or authority,yes,pneumonia,pn-4,pneumonia patients given smoking cessation advice/counseling,100%,67 patients,al_pn-4
406,10108.0,prattville baptist hospital,124 s memorial dr,empty,empty,prattville,al,36067.0,autauga,3343614267.0,acute care hospitals,voluntary non-profit - private,yes,pneumonia,pn-5c,pneumonia patients given initial antibiotic(s) within 6 hours after arrival,94%,131 patients,al_pn-5c
407,10108.0,prattville baptist hospital,124 s memorial dr,empty,empty,prattville,al,36067.0,autauga,3343614267.0,acute care hospitals,voluntary non-profit - private,yes,pneumonia,pn-6,pneumonia patients given the most appropriate initial antibiotic(s),92%,93 patients,al_pn-6
408,10108.0,prattville baptist hospital,124 s memorial dr,empty,,prattville,al,36067.0,autauga,3343614267.0,acute care hospitals,voluntary non-profit - private,yes,surgical infection prevention,nan,surgery patients needing hair removed from the surgical area before surgery who had hair removed using a safer method (electric clippers or hair removal cream c not a razor),99%,,al_scip-inf-6
409,10108.0,prattville baptist hospital,124 s memorial dr,empty,empty,prattville,al,36067.0,autauga,3343614267.0,acute care hospitals,voluntary non-profit - private,yes,surgical infection prevention,scip-card-2,surgery patients who were taking heart drugs called beta blockers before coming to the hospital who were kept on the beta blockers during the period just before and after their surgery,100%,1 patients,al_scip-card-2
410,10108.0,prattville baptist hospital,124 s memorial dr,empty,empty,prattville,al,36067.0,autauga,3343614267.0,acute care hospitals,voluntary non-profit - private,yes,surgical infection prevention,scip-inf-1,surgery patients who were given an antibiotic at the right time (within one hour before surgery) to help prevent infection,90%,10 patients,al_scip-inf-1
411,10108.0,prattville baptist hospital,124 s memorial dr,empty,empty,prattville,al,36067.0,autauga,3343614267.0,acute care hospitals,voluntary non-profit - private,yes,surgical infection prevention,scip-inf-2,surgery patients who were given the  right kind  of antibiotic to help prevent infection,90%,10 patients,al_scip-inf-2
412,10108.0,prattville baptist hospital,124 s memorial dr,empty,empty,prattville,al,36067.0,autauga,3343614267.0,acute care hospitals,voluntary non-profit - private,yes,surgical infection prevention,scip-inf-3,surgery patients whose preventive antibiotics were stopped at the right time (within 24 hours after surgery),100%,10 patients,al_scip-inf-3
413,10158.0,russellville hospital,15155 highway 43,empty,empty,russellville,al,35653.0,franklin,2563321611.0,acute care hospitals,proprietary,yes,surgical infection prevention,scip-vte-1,surgery patients whose doctors ordered treatments to prevent blood clots after certain types of surgeries,100%,125 patients,al_scip-vte-1
414,10158.0,russellville hospital,15155 highway 43,empty,empty,russellville,al,35653.0,franklin,2563321611.0,acute care hospitals,proprietary,yes,surgical infection prevention,scip-vte-2,patients who got treatment  at the right time (within 24 hours before or after their surgery) to help prevent blood clots after certain types of surgery,98%,125 patients,al_scip-vte-2
415,10164.0,coosa valley medical center,315 w hickory st,empty,empty,sylacauga,al,35150.0,talladega,2562495000.0,acute care hospitals,voluntary non-profit - other,no,heart attack,ami-1,heart attack patients given aspirin at arrival,90%,10 patients,al_ami-1
416,10164.0,coosa valley medical center,315 w hickory st,empty,empty,sylacauga,al,35150.0,talladega,2562495000.0,acute care hospitals,voluntary non-profit - other,no,surgical infection prevention,nan,surgery patients needing hair removed from the surgical area before surgery who had hair removed using a safer method (electric clippers or hair removal cream c not a razor),100%,3 patients,al_scip-inf-6
417,10164.0,coosa valley medical center,315 w hickory st,empty,empty,sylacauga,al,35150.0,talladega,2562495000.0,acute care hospitals,voluntary non-profit - other,no,heart attack,ami-3,heart attack patients given ace inhibitor or arb for left ventricular systolic dysfunction (lvsd),100%,1 patients,al_ami-3
418,10164.0,coosa valley medical center,315 w hickory st,empty,empty,sylacauga,al,35150.0,talladega,2562495000.0,acute care hospitals,voluntary non-profit - other,no,heart attack,ami-4,heart attack patients given smoking cessation advice/counseling,empty,0 patients,al_ami-4
419,10164.0,coosa valley medical center,315 w hickory st,empty,empty,sylacauga,al,35150.0,talladega,2562495000.0,acute care hospitals,voluntary non-profit - other,no,heart attack,ami-5,heart attack patients given beta blocker at discharge,100%,4 patients,al_ami-5
420,10164.0,coosa valley medical center,315 w hickory st,empty,empty,sylacauga,al,35150.0,talladega,2562495000.0,acute care hospitals,voluntary non-profit - other,no,heart attack,ami-7a,heart attack patients given fibrinolytic medication within 30 minutes of arrival,empty,0 patients,al_ami-7a
421,10164.0,coosa valley medical center,315 w hickory st,empty,empty,sylacauga,al,35150.0,talladega,2562495000.0,acute care hospitals,voluntary non-profit - other,no,heart attack,ami-8a,heart attack patients given pci within 90 minutes of arrival,,0 patients,al_ami-8a
422,10164.0,coosa valley medical center,315 w hickory st,empty,empty,sylacauga,,35150.0,talladega,2562495000.0,acute care hospitals,voluntary non-profit - other,no,heart failure,hf-1,heart failure patients given discharge instructions,77%,78 patients,al_hf-1
423,10164.0,coosa valley medical center,315 w hickory st,empty,empty,sylacauga,al,35150.0,talladega,2562495000.0,acute care hospitals,voluntary non-profit - other,no,heart failure,hf-2,heart failure patients given an evaluation of left ventricular systolic (lvs) function,99%,105 patients,al_hf-2
424,10164.0,coosa valley medical center,315 w hickory st,empty,empty,sylacauga,al,35150.0,talladega,2562495000.0,acute care hospitals,voluntary non-profit - other,no,heart failure,hf-3,heart failure patients given ace inhibitor or arb for left ventricular systolic dysfunction (lvsd),85%,46 patients,al_hf-3
425,10164.0,coosa valley medical center,315 w hickory st,empty,empty,sylacauga,al,35150.0,talladega,2562495000.0,acute care hospitals,voluntary non-profit - other,no,heart failure,hf-4,heart failure patients given smoking cessation advice/counseling,100%,12 patients,al_hf-4
426,10164.0,coosa valley medical center,315 w hickory st,empty,empty,sylacauga,al,35150.0,talladega,2562495000.0,acute care hospitals,voluntary non-profit - other,no,pneumonia,pn-2,pneumonia patients assessed and given pneumococcal vaccination,93%,,al_pn-2
427,10164.0,coosa valley medical center,315 w hickory st,empty,empty,sylacauga,al,35150.0,talladega,2562495000.0,,voluntary non-profit - other,no,pneumonia,pn-3b,pneumonia patients whose initial emergency room blood culture was performed prior to the administration of the first hospital dose of antibiotics,97%,95 patients,al_pn-3b
428,10164.0,coosa valley medical center,315 w hickory st,empty,empty,sylacauga,al,35150.0,talladega,2562495000.0,acute care hospitals,voluntary non-profit - other,no,pneumonia,pn-4,pneumonia patients given smoking cessation advice/counseling,100%,47 patients,al_pn-4
429,10164.0,coosa valley medical center,315 w hickory st,empty,empty,sylacauga,al,35150.0,talladega,2562495000.0,acute care hospitals,voluntary non-profit - other,no,pneumonia,pn-5c,pneumonia patients given initial antibiotic(s) within 6 hours after arrival,97%,101 patients,al_pn-5c
430,10164.0,coosa valley medical center,315 w hickory st,empty,empty,sylacauga,,35150.0,talladega,2562495000.0,acute care hospitals,voluntary non-profit - other,no,pneumonia,pn-6,pneumonia patients given the most appropriate initial antibiotic(s),96%,57 patients,al_pn-6
431,10164.0,coosa valley medical center,315 w hickory st,empty,empty,sylacauga,al,35150.0,talladega,2562495000.0,acute care hospitals,voluntary non-profit - other,no,pneumonia,pn-7,pneumonia patients assessed and given influenza vaccination,88%,51 patients,al_pn-7
432,10164.0,coosa valley medical center,315 w hickory st,empty,empty,sylacauga,al,35150.0,talladega,2562495000.0,acute care hospitals,voluntary non-profit - other,no,surgical infection prevention,scip-card-2,surgery patients who were taking heart drugs called beta blockers before coming to the hospital who were kept on the beta blockers during the period just before and after their surgery,82%,22 patients,al_scip-card-2
433,20017.0,alaska regional hospital,2801 debarr road,empty,empty,anchorage,ak,99508.0,anchorage,9072761131.0,acute care hospitals,proprietary,yes,heart failure,hf-1,heart failure patients given discharge instructions,91%,57 patients,al_hf-1
434,20017.0,alaska regional hospital,2801 debarr road,,empty,anchorage,ak,99508.0,anchorage,9072761131.0,acute care hospitals,proprietary,yes,heart failure,hf-2,heart failure patients given an evaluation of left ventricular systolic (lvs) function,98%,61 patients,al_hf-2
435,20017.0,alaska regional hospital,2801 debarr road,empty,empty,anchorage,ak,99508.0,anchorage,9072761131.0,acute care hospitals,proprietary,yes,heart failure,hf-3,heart failure patients given ace inhibitor or arb for left ventricular systolic dysfunction (lvsd),100%,33 patients,al_hf-3
436,20017.0,alaska regional hospital,2801 debarr road,empty,empty,anchorage,ak,99508.0,anchorage,9072761131.0,acute care hospitals,proprietary,yes,heart failure,hf-4,heart failure patients given smoking cessation advice/counseling,100%,13 patients,al_hf-4
437,20017.0,alaska regional hospital,2801 debarr road,empty,empty,anchorage,ak,99508.0,anchorage,9072761131.0,acute care hospitals,proprietary,yes,pneumonia,pn-2,pneumonia patients assessed and given pneumococcal vaccination,97%,,al_pn-2
438,20017.0,alaska regional hospital,2801 debarr road,empty,empty,anchorage,ak,99508.0,anchorage,9072761131.0,acute care hospitals,proprietary,yes,pneumonia,pn-3b,pneumonia patients whose initial emergency room blood culture was performed prior to the administration of the first hospital dose of antibiotics,100%,47 patients,al_pn-3b
439,20017.0,alaska regional hospital,2801 debarr road,empty,empty,anchorage,ak,99508.0,anchorage,9072761131.0,acute care hospitals,proprietary,yes,pneumonia,pn-4,pneumonia patients given smoking cessation advice/counseling,96%,,al_pn-4
440,20017.0,alaska regional hospital,2801 debarr road,empty,empty,anchorage,ak,99508.0,anchorage,9072761131.0,acute care hospitals,proprietary,yes,pneumonia,pn-5c,pneumonia patients given initial antibiotic(s) within 6 hours after arrival,97%,39 patients,al_pn-5c
441,20017.0,alaska regional hospital,2801 debarr road,empty,empty,anchorage,ak,99508.0,anchorage,9072761131.0,acute care hospitals,proprietary,yes,pneumonia,pn-6,pneumonia patients given the most appropriate initial antibiotic(s),95%,22 patients,al_pn-6
442,20017.0,alaska regional hospital,2801 debarr road,empty,empty,anchorage,ak,99508.0,anchorage,9072761131.0,acute care hospitals,proprietary,yes,pneumonia,pn-7,pneumonia patients assessed and given influenza vaccination,90%,29 patients,al_pn-7
443,20017.0,alaska regional hospital,2801 debarr road,empty,empty,anchorage,ak,99508.0,anchorage,9072761131.0,acute care hospitals,proprietary,yes,surgical infection prevention,scip-card-2,surgery patients who were taking heart drugs called beta blockers before coming to the hospital who were kept on the beta blockers during the period just before and after their surgery,87%,106 patients,al_scip-card-2
444,20017.0,alaska regional hospital,2801 debarr road,empty,empty,anchorage,ak,99508.0,anchorage,9072761131.0,acute care hospitals,proprietary,yes,surgical infection prevention,scip-inf-1,surgery patients who were given an antibiotic at the right time (within one hour before surgery) to help prevent infection,96%,513 patients,al_scip-inf-1
445,20017.0,alaska regional hospital,2801 debarr road,empty,empty,anchorage,ak,99508.0,anchorage,9072761131.0,acute care hospitals,proprietary,yes,surgical infection prevention,scip-inf-2,surgery patients who were given the  right kind  of antibiotic to help prevent infection,98%,521 patients,al_scip-inf-2
446,nan,nan,1108 ross clark circle,empty,empty,anchorage,ak,36302.0,anchorage,3347938701.0,acute care hospitals,government - hospital district or authority,yes,surgical infection prevention,scip-inf-3,surgery patients whose preventive antibiotics were stopped at the right time (within 24 hours after surgery),88%,499 patients,al_scip-inf-3
447,20017.0,alaska regional hospital,2801 debarr road,empty,empty,anchorage,ak,99508.0,anchorage,9072761131.0,acute care hospitals,proprietary,yes,surgical infection prevention,scip-inf-4,all heart surgery patients whose blood sugar (blood glucose) is kept under good control in the days right after surgery,94%,146 patients,al_scip-inf-4
448,20017.0,alaska regional hospital,2801 debarr road,empty,empty,anchorage,ak,99508.0,anchorage,9072761131.0,,proprietary,yes,surgical infection prevention,scip-inf-6,surgery patients needing hair removed from the surgical area before surgery who had hair removed using a safer method (electric clippers or hair removal cream c not a razor),100%,690 patients,al_scip-inf-6
449,20017.0,alaska regional hospital,2801 debarr road,empty,empty,anchorage,ak,99508.0,anchorage,9072761131.0,acute care hospitals,proprietary,yes,surgical infection prevention,scip-vte-1,surgery patients whose doctors ordered treatments to prevent blood clots after certain types of surgeries,94%,226 patients,al_scip-vte-1
450,20017.0,alaska regional hospital,2801 debarr road,empty,,anchorage,ak,99508.0,anchorage,9072761131.0,acute care hospitals,proprietary,yes,surgical infection prevention,scip-vte-2,patients who got treatment  at the right time (within 24 hours before or after their surgery) to help prevent blood clots after certain types of surgery,94%,,al_scip-vte-2
451,20018.0,yukon kuskokwim delta reg hospital,po box 287,empty,empty,bethel,ak,99559.0,bethel,9075436300.0,acute care hospitals,government - federal,no,heart attack,ami-1,heart attack patients given aspirin at arrival,empty,empty,al_ami-1
452,20018.0,yukon kuskokwim delta reg hospital,po box 287,empty,empty,bethel,ak,99559.0,bethel,9075436300.0,acute care hospitals,government - federal,no,heart attack,ami-2,heart attack patients given aspirin at discharge,empty,empty,al_ami-2
453,10019.0,helen keller memorial hospital,1300 south montgomery avenue,empty,empty,sheffield,al,35660.0,jefferson,2563864556.0,acute care hospitals,government - hospital district or authority,yes,pneumonia,pn-2,pneumonia patients assessed and given pneumococcal vaccination,89%,150 patients,al_pn-2
454,10019.0,helen keller memorial hospital,1300 south montgomery avenue,empty,empty,sheffield,al,35660.0,jefferson,2563864556.0,acute care hospitals,government - hospital district or authority,yes,pneumonia,pn-3b,pneumonia patients whose initial emergency room blood culture was performed prior to the administration of the first hospital dose of antibiotics,99%,149 patients,al_pn-3b
455,10019.0,helen keller memorial hospital,1300 south montgomery avenue,empty,empty,sheffield,al,35660.0,jefferson,2563864556.0,acute care hospitals,government - hospital district or authority,yes,pneumonia,pn-4,pneumonia patients given smoking cessation advice/counseling,,79 patients,al_pn-4
456,10019.0,helen keller memorial hospital,1300 south montgomery avenue,empty,empty,sheffield,al,35660.0,jefferson,2563864556.0,acute care hospitals,government - hospital district or authority,yes,pneumonia,pn-5c,pneumonia patients given initial antibiotic(s) within 6 hours after arrival,98%,192 patients,al_pn-5c
457,10019.0,helen keller memorial hospital,1300 south montgomery avenue,empty,empty,sheffield,al,35660.0,jefferson,2563864556.0,acute care hospitals,government - hospital district or authority,yes,pneumonia,pn-6,pneumonia patients given the most appropriate initial antibiotic(s),86%,139 patients,al_pn-6
458,10019.0,helen keller memorial hospital,1300 south montgomery avenue,empty,,sheffield,al,35660.0,jefferson,2563864556.0,acute care hospitals,government - hospital district or authority,yes,pneumonia,pn-7,pneumonia patients assessed and given influenza vaccination,82%,119 patients,al_pn-7
459,10019.0,helen keller memorial hospital,1300 south montgomery avenue,empty,empty,sheffield,al,35660.0,jefferson,2563864556.0,acute care hospitals,government - hospital district or authority,yes,surgical infection prevention,scip-card-2,surgery patients who were taking heart drugs called beta blockers before coming to the hospital who were kept on the beta blockers during the period just before and after their surgery,81%,54 patients,al_scip-card-2
460,10019.0,helen keller memorial hospital,1300 south montgomery avenue,empty,empty,sheffield,al,35660.0,jefferson,2563864556.0,acute care hospitals,government - hospital district or authority,yes,surgical infection prevention,scip-inf-1,surgery patients who were given an antibiotic at the right time (within one hour before surgery) to help prevent infection,92%,253 patients,al_scip-inf-1
461,10019.0,helen keller memorial hospital,1300 south montgomery avenue,,,sheffield,al,35660.0,jefferson,2563864556.0,acute care hospitals,government - hospital district or authority,yes,surgical infection prevention,scip-inf-2,surgery patients who were given the  right kind  of antibiotic to help prevent infection,91%,255 patients,al_scip-inf-2
462,10019.0,helen keller memorial hospital,1300 south montgomery avenue,empty,empty,sheffield,al,35660.0,jefferson,2563864556.0,acute care hospitals,government - hospital district or authority,yes,surgical infection prevention,scip-inf-3,surgery patients whose preventive antibiotics were stopped at the right time (within 24 hours after surgery),84%,245 patients,al_scip-inf-3
463,10019.0,helen keller memorial hospital,1300 south montgomery avenue,empty,empty,sheffield,al,35660.0,jefferson,2563864556.0,acute care hospitals,government - hospital district or authority,yes,surgical infection prevention,scip-inf-4,all heart surgery patients whose blood sugar (blood glucose) is kept under good control in the days right after surgery,empty,0 patients,al_scip-inf-4
464,10019.0,helen keller memorial hospital,1300 south montgomery avenue,empty,empty,sheffield,al,35660.0,jefferson,2563864556.0,acute care hospitals,government - hospital district or authority,yes,surgical infection prevention,scip-inf-6,surgery patients needing hair removed from the surgical area before surgery who had hair removed using a safer method (electric clippers or hair removal cream c not a razor),97%,369 patients,al_scip-inf-6
465,10019.0,helen keller memorial hospital,1300 south montgomery avenue,empty,empty,sheffield,al,35660.0,jefferson,2563864556.0,acute care hospitals,government - hospital district or authority,yes,surgical infection prevention,scip-vte-1,surgery patients whose doctors ordered treatments to prevent blood clots after certain types of surgeries,85%,144 patients,al_scip-vte-1
466,10019.0,helen keller memorial hospital,1300 south montgomery avenue,empty,empty,sheffield,al,35660.0,jefferson,2563864556.0,acute care hospitals,government - hospital district or authority,yes,surgical infection prevention,scip-vte-2,patients who got treatment  at the right time (within 24 hours before or after their surgery) to help prevent blood clots after certain types of surgery,79%,142 patients,al_scip-vte-2
467,10021.0,dale medical center,126 hospital ave,empty,empty,ozark,al,36360.0,dale,3347742601.0,acute care hospitals,government - hospital district or authority,yes,heart attack,ami-1,heart attack patients given aspirin at arrival,100%,11 patients,al_ami-1
468,10021.0,dale medical center,126 hospital ave,empty,empty,ozark,al,36360.0,dale,3347742601.0,acute care hospitals,government - hospital district or authority,yes,heart attack,ami-2,heart attack patients given aspirin at discharge,100%,5 patients,al_ami-2
469,10021.0,dale medical center,126 hospital ave,empty,empty,ozark,al,36360.0,dale,3347742601.0,acute care hospitals,government - hospital district or authority,yes,heart attack,ami-3,heart attack patients given ace inhibitor or arb for left ventricular systolic dysfunction (lvsd),empty,0 patients,al_ami-3
470,10021.0,dale medical center,126 hospital ave,empty,empty,ozark,al,36360.0,dale,3347742601.0,acute care hospitals,government - hospital district or authority,yes,heart attack,ami-4,heart attack patients given smoking cessation advice/counseling,100%,3 patients,al_ami-4
471,10021.0,dale medical center,126 hospital ave,empty,empty,ozark,al,36360.0,dale,3347742601.0,acute care hospitals,government - hospital district or authority,yes,heart attack,ami-5,heart attack patients given beta blocker at discharge,,,al_ami-5
472,10021.0,dale medical center,126 hospital ave,empty,empty,ozark,al,36360.0,dale,3347742601.0,acute care hospitals,government - hospital district or authority,yes,heart attack,ami-7a,heart attack patients given fibrinolytic medication within 30 minutes of arrival,0%,2 patients,al_ami-7a
473,10021.0,dale medical center,126 hospital ave,empty,empty,ozark,al,36360.0,dale,3347742601.0,acute care hospitals,government - hospital district or authority,yes,heart attack,ami-8a,heart attack patients given pci within 90 minutes of arrival,empty,0 patients,al_ami-8a
474,10021.0,dale medical center,126 hospital ave,empty,empty,ozark,al,36360.0,dale,3347742601.0,acute care hospitals,government - hospital district or authority,yes,heart failure,hf-1,heart failure patients given discharge instructions,66%,79 patients,al_hf-1
475,10021.0,dale medical center,126 hospital ave,empty,empty,ozark,al,36360.0,dale,3347742601.0,acute care hospitals,government - hospital district or authority,yes,heart failure,hf-2,heart failure patients given an evaluation of left ventricular systolic (lvs) function,96%,94 patients,al_hf-2
476,10021.0,dale medical center,126 hospital ave,empty,,ozark,al,36360.0,dale,3347742601.0,acute care hospitals,government - hospital district or authority,yes,heart failure,hf-3,heart failure patients given ace inhibitor or arb for left ventricular systolic dysfunction (lvsd),94%,18 patients,al_hf-3
477,10021.0,dale medical center,126 hospital ave,empty,empty,ozark,al,36360.0,dale,3347742601.0,acute care hospitals,government - hospital district or authority,yes,heart failure,hf-4,heart failure patients given smoking cessation advice/counseling,94%,32 patients,al_hf-4
478,10021.0,dale medical center,126 hospital ave,empty,empty,ozark,al,36360.0,dale,3347742601.0,acute care hospitals,government - hospital district or authority,yes,pneumonia,pn-2,pneumonia patients assessed and given pneumococcal vaccination,85%,80 patients,al_pn-2
479,10021.0,dale medical center,126 hospital ave,empty,empty,ozark,al,36360.0,dale,3347742601.0,acute care hospitals,government - hospital district or authority,yes,pneumonia,pn-3b,pneumonia patients whose initial emergency room blood culture was performed prior to the administration of the first hospital dose of antibiotics,94%,67 patients,al_pn-3b
480,10021.0,dale medical center,126 hospital ave,,empty,ozark,al,36360.0,dale,3347742601.0,acute care hospitals,government - hospital district or authority,yes,pneumonia,pn-4,pneumonia patients given smoking cessation advice/counseling,87%,39 patients,al_pn-4
481,10021.0,dale medical center,126 hospital ave,,empty,ozark,al,36360.0,dale,3347742601.0,acute care hospitals,government - hospital district or authority,yes,pneumonia,pn-5c,pneumonia patients given initial antibiotic(s) within 6 hours after arrival,95%,74 patients,al_pn-5c
482,10021.0,dale medical center,126 hospital ave,empty,empty,ozark,al,36360.0,dale,3347742601.0,,government - hospital district or authority,yes,pneumonia,pn-6,pneumonia patients given the most appropriate initial antibiotic(s),64%,59 patients,al_pn-6
483,10021.0,dale medical center,126 hospital ave,empty,empty,ozark,al,36360.0,dale,3347742601.0,acute care hospitals,government - hospital district or authority,yes,pneumonia,pn-7,pneumonia patients assessed and given influenza vaccination,90%,62 patients,al_pn-7
484,10021.0,dale medical center,126 hospital ave,empty,empty,ozark,al,36360.0,dale,3347742601.0,acute care hospitals,government - hospital district or authority,yes,surgical infection prevention,scip-card-2,surgery patients who were taking heart drugs called beta blockers before coming to the hospital who were kept on the beta blockers during the period just before and after their surgery,100%,12 patients,al_scip-card-2
485,10021.0,dale medical center,126 hospital ave,empty,empty,ozark,al,36360.0,dale,3347742601.0,acute care hospitals,government - hospital district or authority,yes,surgical infection prevention,scip-inf-1,surgery patients who were given an antibiotic at the right time (within one hour before surgery) to help prevent infection,94%,52 patients,al_scip-inf-1
486,10021.0,dale medical center,126 hospital ave,empty,empty,ozark,al,36360.0,dale,3347742601.0,acute care hospitals,government - hospital district or authority,yes,surgical infection prevention,scip-inf-2,surgery patients who were given the  right kind  of antibiotic to help prevent infection,96%,52 patients,al_scip-inf-2
487,10021.0,dale medical center,126 hospital ave,empty,empty,ozark,al,36360.0,dale,3347742601.0,acute care hospitals,government - hospital district or authority,yes,surgical infection prevention,scip-inf-3,surgery patients whose preventive antibiotics were stopped at the right time (within 24 hours after surgery),85%,48 patients,al_scip-inf-3
488,10021.0,dale medical center,126 hospital ave,empty,empty,ozark,,36360.0,dale,3347742601.0,acute care hospitals,government - hospital district or authority,yes,surgical infection prevention,scip-inf-4,all heart surgery patients whose blood sugar (blood glucose) is kept under good control in the days right after surgery,empty,0 patients,al_scip-inf-4
489,10021.0,dale medical center,126 hospital ave,,empty,ozark,al,36360.0,dale,3347742601.0,acute care hospitals,government - hospital district or authority,yes,surgical infection prevention,scip-inf-6,surgery patients needing hair removed from the surgical area before surgery who had hair removed using a safer method (electric clippers or hair removal cream c not a razor),100%,94 patients,al_scip-inf-6
490,10021.0,dale medical center,126 hospital ave,empty,,ozark,al,36360.0,dale,3347742601.0,acute care hospitals,government - hospital district or authority,yes,surgical infection prevention,scip-vte-1,surgery patients whose doctors ordered treatments to prevent blood clots after certain types of surgeries,88%,,al_scip-vte-1
491,10021.0,dale medical center,126 hospital ave,empty,empty,ozark,al,36360.0,dale,3347742601.0,acute care hospitals,government - hospital district or authority,yes,surgical infection prevention,scip-vte-2,patients who got treatment  at the right time (within 24 hours before or after their surgery) to help prevent blood clots after certain types of surgery,68%,50 patients,al_scip-vte-2
492,10022.0,cherokee medical center,400 northwood dr,empty,empty,centre,al,35960.0,cherokee,2569275531.0,acute care hospitals,voluntary non-profit - private,yes,surgical infection prevention,nan,surgery patients needing hair removed from the surgical area before surgery who had hair removed using a safer method (electric clippers or hair removal cream c not a razor),,0 patients,al_scip-inf-6
493,10022.0,cherokee medical center,400 northwood dr,empty,empty,centre,al,35960.0,cherokee,2569275531.0,acute care hospitals,voluntary non-profit - private,yes,heart attack,ami-2,heart attack patients given aspirin at discharge,100%,1 patients,al_ami-2
494,10022.0,cherokee medical center,400 northwood dr,empty,empty,centre,al,35960.0,cherokee,2569275531.0,acute care hospitals,voluntary non-profit - private,yes,heart attack,ami-3,heart attack patients given ace inhibitor or arb for left ventricular systolic dysfunction (lvsd),empty,0 patients,al_ami-3
495,10022.0,cherokee medical center,400 northwood dr,empty,empty,centre,al,35960.0,cherokee,2569275531.0,acute care hospitals,voluntary non-profit - private,yes,heart attack,ami-4,heart attack patients given smoking cessation advice/counseling,empty,0 patients,al_ami-4
496,10022.0,cherokee medical center,400 northwood dr,empty,empty,centre,al,35960.0,cherokee,2569275531.0,acute care hospitals,voluntary non-profit - private,yes,heart attack,ami-5,heart attack patients given beta blocker at discharge,empty,0 patients,al_ami-5
497,10022.0,cherokee medical center,400 northwood dr,empty,empty,centre,al,35960.0,cherokee,2569275531.0,acute care hospitals,voluntary non-profit - private,yes,heart attack,ami-7a,heart attack patients given fibrinolytic medication within 30 minutes of arrival,empty,0 patients,al_ami-7a
498,10022.0,cherokee medical center,400 northwood dr,empty,empty,centre,al,35960.0,cherokee,2569275531.0,acute care hospitals,voluntary non-profit - private,yes,heart attack,ami-8a,heart attack patients given pci within 90 minutes of arrival,empty,0 patients,al_ami-8a
499,10022.0,cherokee medical center,400 northwood dr,empty,empty,centre,al,35960.0,cherokee,2569275531.0,acute care hospitals,voluntary non-profit - private,yes,heart failure,hf-1,heart failure patients given discharge instructions,83%,35 patients,al_hf-1
500,10022.0,cherokee medical center,400 northwood dr,empty,empty,centre,al,35960.0,cherokee,2569275531.0,acute care hospitals,voluntary non-profit - private,yes,heart failure,hf-2,heart failure patients given an evaluation of left ventricular systolic (lvs) function,94%,48 patients,al_hf-2
501,10022.0,cherokee medical center,400 northwood dr,empty,empty,centre,al,35960.0,cherokee,2569275531.0,acute care hospitals,voluntary non-profit - private,yes,heart failure,hf-3,heart failure patients given ace inhibitor or arb for left ventricular systolic dysfunction (lvsd),90%,10 patients,al_hf-3
502,10022.0,cherokee medical center,400 northwood dr,empty,empty,centre,al,35960.0,cherokee,2569275531.0,acute care hospitals,voluntary non-profit - private,yes,heart failure,hf-4,heart failure patients given smoking cessation advice/counseling,100%,15 patients,al_hf-4
503,10022.0,cherokee medical center,400 northwood dr,empty,empty,centre,al,35960.0,cherokee,2569275531.0,acute care hospitals,voluntary non-profit - private,yes,pneumonia,pn-2,pneumonia patients assessed and given pneumococcal vaccination,93%,44 patients,al_pn-2
504,10022.0,cherokee medical center,400 northwood dr,empty,empty,centre,al,35960.0,cherokee,2569275531.0,acute care hospitals,voluntary non-profit - private,yes,pneumonia,pn-3b,pneumonia patients whose initial emergency room blood culture was performed prior to the administration of the first hospital dose of antibiotics,97%,33 patients,al_pn-3b
505,10022.0,cherokee medical center,400 northwood dr,empty,empty,centre,al,35960.0,cherokee,2569275531.0,acute care hospitals,voluntary non-profit - private,yes,pneumonia,pn-4,pneumonia patients given smoking cessation advice/counseling,100%,20 patients,al_pn-4
506,10022.0,cherokee medical center,400 northwood dr,empty,empty,centre,al,35960.0,cherokee,2569275531.0,acute care hospitals,voluntary non-profit - private,yes,pneumonia,pn-5c,pneumonia patients given initial antibiotic(s) within 6 hours after arrival,89%,56 patients,al_pn-5c
507,10022.0,cherokee medical center,400 northwood dr,empty,empty,centre,al,35960.0,cherokee,2569275531.0,acute care hospitals,voluntary non-profit - private,yes,pneumonia,pn-6,pneumonia patients given the most appropriate initial antibiotic(s),93%,44 patients,al_pn-6
508,10022.0,cherokee medical center,400 northwood dr,empty,empty,centre,al,35960.0,cherokee,2569275531.0,acute care hospitals,voluntary non-profit - private,yes,pneumonia,pn-7,pneumonia patients assessed and given influenza vaccination,81%,31 patients,al_pn-7
509,10022.0,cherokee medical center,400 northwood dr,empty,empty,centre,,35960.0,cherokee,2569275531.0,acute care hospitals,voluntary non-profit - private,yes,surgical infection prevention,scip-card-2,surgery patients who were taking heart drugs called beta blockers before coming to the hospital who were kept on the beta blockers during the period just before and after their surgery,empty,empty,al_scip-card-2
510,10022.0,cherokee medical center,400 northwood dr,empty,empty,centre,al,35960.0,cherokee,2569275531.0,acute care hospitals,voluntary non-profit - private,yes,surgical infection prevention,scip-inf-1,surgery patients who were given an antibiotic at the right time (within one hour before surgery) to help prevent infection,0%,2 patients,al_scip-inf-1
511,10022.0,cherokee medical center,400 northwood dr,empty,empty,centre,al,35960.0,cherokee,2569275531.0,acute care hospitals,voluntary non-profit - private,yes,surgical infection prevention,scip-inf-2,surgery patients who were given the  right kind  of antibiotic to help prevent infection,,2 patients,al_scip-inf-2
512,10022.0,cherokee medical center,400 northwood dr,empty,empty,centre,al,35960.0,cherokee,2569275531.0,acute care hospitals,voluntary non-profit - private,yes,surgical infection prevention,scip-inf-3,surgery patients whose preventive antibiotics were stopped at the right time (within 24 hours after surgery),0%,1 patients,al_scip-inf-3
513,10022.0,cherokee medical center,400 northwood dr,empty,empty,centre,al,35960.0,cherokee,2569275531.0,acute care hospitals,voluntary non-profit - private,yes,surgical infection prevention,scip-inf-4,all heart surgery patients whose blood sugar (blood glucose) is kept under good control in the days right after surgery,empty,0 patients,al_scip-inf-4
514,10022.0,cherokee medical center,400 northwood dr,empty,empty,centre,al,35960.0,cherokee,2569275531.0,acute care hospitals,voluntary non-profit - private,yes,surgical infection prevention,scip-inf-6,surgery patients needing hair removed from the surgical area before surgery who had hair removed using a safer method (electric clippers or hair removal cream c not a razor),100%,6 patients,al_scip-inf-6
515,10022.0,cherokee medical center,400 northwood dr,empty,empty,centre,al,35960.0,cherokee,2569275531.0,,voluntary non-profit - private,yes,surgical infection prevention,scip-vte-1,surgery patients whose doctors ordered treatments to prevent blood clots after certain types of surgeries,100%,5 patients,al_scip-vte-1
516,10022.0,cherokee medical center,400 northwood dr,empty,empty,centre,al,35960.0,cherokee,2569275531.0,acute care hospitals,voluntary non-profit - private,yes,surgical infection prevention,scip-vte-2,patients who got treatment  at the right time (within 24 hours before or after their surgery) to help prevent blood clots after certain types of surgery,100%,5 patients,al_scip-vte-2
517,10023.0,baptist medical center south,2105 east south boulevard,empty,empty,montgomery,al,36116.0,montgomery,3342882100.0,acute care hospitals,voluntary non-profit - church,yes,heart attack,ami-1,heart attack patients given aspirin at arrival,100%,,al_ami-1
518,10023.0,baptist medical center south,2105 east south boulevard,empty,empty,montgomery,al,36116.0,montgomery,3342882100.0,acute care hospitals,voluntary non-profit - church,yes,heart attack,ami-2,heart attack patients given aspirin at discharge,100%,282 patients,al_ami-2
519,10023.0,baptist medical center south,2105 east south boulevard,empty,empty,montgomery,al,36116.0,montgomery,3342882100.0,acute care hospitals,voluntary non-profit - church,yes,heart attack,ami-3,heart attack patients given ace inhibitor or arb for left ventricular systolic dysfunction (lvsd),100%,53 patients,al_ami-3
520,10023.0,baptist medical center south,2105 east south boulevard,empty,,montgomery,al,36116.0,montgomery,3342882100.0,acute care hospitals,voluntary non-profit - church,yes,heart attack,ami-4,heart attack patients given smoking cessation advice/counseling,100%,119 patients,al_ami-4
521,10023.0,baptist medical center south,2105 east south boulevard,empty,empty,montgomery,al,36116.0,montgomery,3342882100.0,acute care hospitals,voluntary non-profit - church,yes,heart attack,ami-5,heart attack patients given beta blocker at discharge,100%,254 patients,al_ami-5
522,10023.0,baptist medical center south,2105 east south boulevard,empty,empty,montgomery,al,36116.0,montgomery,3342882100.0,acute care hospitals,voluntary non-profit - church,yes,heart attack,ami-7a,heart attack patients given fibrinolytic medication within 30 minutes of arrival,empty,0 patients,al_ami-7a
523,10023.0,baptist medical center south,2105 east south boulevard,empty,empty,montgomery,al,36116.0,montgomery,3342882100.0,acute care hospitals,voluntary non-profit - church,yes,heart attack,ami-8a,heart attack patients given pci within 90 minutes of arrival,96%,27 patients,al_ami-8a
524,10023.0,baptist medical center south,2105 east south boulevard,empty,empty,montgomery,al,36116.0,montgomery,3342882100.0,acute care hospitals,voluntary non-profit - church,yes,heart failure,hf-1,heart failure patients given discharge instructions,100%,257 patients,al_hf-1
525,10023.0,baptist medical center south,2105 east south boulevard,,empty,montgomery,al,36116.0,montgomery,3342882100.0,acute care hospitals,voluntary non-profit - church,yes,heart failure,hf-2,heart failure patients given an evaluation of left ventricular systolic (lvs) function,100%,292 patients,al_hf-2
526,10023.0,baptist medical center south,2105 east south boulevard,empty,empty,montgomery,al,36116.0,montgomery,3342882100.0,acute care hospitals,voluntary non-profit - church,yes,heart failure,hf-3,heart failure patients given ace inhibitor or arb for left ventricular systolic dysfunction (lvsd),100%,98 patients,al_hf-3
527,10023.0,baptist medical center south,2105 east south boulevard,empty,empty,montgomery,al,36116.0,montgomery,3342882100.0,acute care hospitals,voluntary non-profit - church,yes,heart failure,hf-4,heart failure patients given smoking cessation advice/counseling,100%,77 patients,al_hf-4
528,10023.0,baptist medical center south,2105 east south boulevard,empty,empty,montgomery,al,36116.0,montgomery,3342882100.0,acute care hospitals,voluntary non-profit - church,yes,pneumonia,pn-2,pneumonia patients assessed and given pneumococcal vaccination,94%,99 patients,al_pn-2
529,10023.0,baptist medical center south,2105 east south boulevard,empty,empty,montgomery,al,36116.0,montgomery,3342882100.0,acute care hospitals,voluntary non-profit - church,yes,pneumonia,pn-3b,pneumonia patients whose initial emergency room blood culture was performed prior to the administration of the first hospital dose of antibiotics,96%,103 patients,al_pn-3b
530,10023.0,baptist medical center south,2105 east south boulevard,empty,empty,montgomery,al,36116.0,montgomery,3342882100.0,acute care hospitals,voluntary non-profit - church,yes,pneumonia,pn-4,pneumonia patients given smoking cessation advice/counseling,,80 patients,al_pn-4
531,10023.0,baptist medical center south,2105 east south boulevard,empty,empty,montgomery,al,36116.0,,3342882100.0,acute care hospitals,voluntary non-profit - church,yes,pneumonia,pn-5c,pneumonia patients given initial antibiotic(s) within 6 hours after arrival,,101 patients,al_pn-5c
532,nan,nan,1108 ross clark circle,empty,empty,anchorage,al,36302.0,montgomery,3347938701.0,acute care hospitals,government - hospital district or authority,yes,pneumonia,pn-6,pneumonia patients given the most appropriate initial antibiotic(s),90%,71 patients,al_pn-6
533,10023.0,baptist medical center south,2105 east south boulevard,empty,empty,montgomery,al,36116.0,montgomery,3342882100.0,acute care hospitals,voluntary non-profit - church,yes,pneumonia,pn-7,pneumonia patients assessed and given influenza vaccination,92%,87 patients,al_pn-7
534,10023.0,baptist medical center south,2105 east south boulevard,,empty,montgomery,al,36116.0,montgomery,3342882100.0,acute care hospitals,voluntary non-profit - church,yes,surgical infection prevention,scip-card-2,surgery patients who were taking heart drugs called beta blockers before coming to the hospital who were kept on the beta blockers during the period just before and after their surgery,97%,89 patients,al_scip-card-2
535,10023.0,baptist medical center south,2105 east south boulevard,empty,empty,montgomery,al,36116.0,montgomery,3342882100.0,acute care hospitals,voluntary non-profit - church,yes,surgical infection prevention,scip-inf-1,surgery patients who were given an antibiotic at the right time (within one hour before surgery) to help prevent infection,97%,,al_scip-inf-1
536,10023.0,baptist medical center south,2105 east south boulevard,empty,empty,montgomery,al,36116.0,montgomery,3342882100.0,acute care hospitals,voluntary non-profit - church,yes,surgical infection prevention,scip-inf-2,surgery patients who were given the  right kind  of antibiotic to help prevent infection,97%,423 patients,al_scip-inf-2
537,10023.0,baptist medical center south,2105 east south boulevard,empty,empty,montgomery,,36116.0,montgomery,3342882100.0,acute care hospitals,voluntary non-profit - church,yes,surgical infection prevention,scip-inf-3,surgery patients whose preventive antibiotics were stopped at the right time (within 24 hours after surgery),94%,392 patients,al_scip-inf-3
538,10023.0,baptist medical center south,2105 east south boulevard,empty,,montgomery,al,36116.0,montgomery,3342882100.0,acute care hospitals,voluntary non-profit - church,yes,surgical infection prevention,scip-inf-4,all heart surgery patients whose blood sugar (blood glucose) is kept under good control in the days right after surgery,95%,125 patients,al_scip-inf-4
539,10023.0,baptist medical center south,2105 east south boulevard,empty,empty,montgomery,al,36116.0,montgomery,3342882100.0,acute care hospitals,voluntary non-profit - church,yes,surgical infection prevention,scip-inf-6,surgery patients needing hair removed from the surgical area before surgery who had hair removed using a safer method (electric clippers or hair removal cream c not a razor),100%,575 patients,al_scip-inf-6
540,10023.0,baptist medical center south,2105 east south boulevard,empty,,montgomery,al,36116.0,montgomery,3342882100.0,acute care hospitals,voluntary non-profit - church,yes,surgical infection prevention,scip-vte-1,surgery patients whose doctors ordered treatments to prevent blood clots after certain types of surgeries,98%,179 patients,al_scip-vte-1
541,10023.0,baptist medical center south,2105 east south boulevard,,empty,montgomery,,36116.0,montgomery,3342882100.0,acute care hospitals,voluntary non-profit - church,yes,surgical infection prevention,scip-vte-2,patients who got treatment  at the right time (within 24 hours before or after their surgery) to help prevent blood clots after certain types of surgery,94%,179 patients,al_scip-vte-2
542,10024.0,jackson hospital & clinic inc,1725 pine street,empty,empty,montgomery,,36106.0,,3342938000.0,acute care hospitals,voluntary non-profit - private,yes,heart attack,ami-1,heart attack patients given aspirin at arrival,,111 patients,al_ami-1
543,10024.0,jackson hospital & clinic inc,1725 pine street,empty,empty,montgomery,al,36106.0,montgomery,3342938000.0,acute care hospitals,voluntary non-profit - private,yes,heart attack,ami-2,heart attack patients given aspirin at discharge,,165 patients,al_ami-2
544,10024.0,jackson hospital & clinic inc,1725 pine street,empty,empty,montgomery,al,36106.0,montgomery,3342938000.0,acute care hospitals,voluntary non-profit - private,yes,heart attack,ami-3,heart attack patients given ace inhibitor or arb for left ventricular systolic dysfunction (lvsd),79%,24 patients,al_ami-3
545,10024.0,jackson hospital & clinic inc,1725 pine street,empty,empty,montgomery,al,36106.0,montgomery,3342938000.0,acute care hospitals,voluntary non-profit - private,yes,heart attack,ami-4,heart attack patients given smoking cessation advice/counseling,97%,65 patients,al_ami-4
546,10024.0,jackson hospital & clinic inc,1725 pine street,empty,empty,montgomery,al,36106.0,montgomery,3342938000.0,acute care hospitals,voluntary non-profit - private,yes,heart attack,ami-5,heart attack patients given beta blocker at discharge,95%,173 patients,al_ami-5
547,10024.0,jackson hospital & clinic inc,1725 pine street,empty,empty,montgomery,al,36106.0,montgomery,3342938000.0,acute care hospitals,voluntary non-profit - private,yes,heart attack,ami-7a,heart attack patients given fibrinolytic medication within 30 minutes of arrival,empty,,al_ami-7a
548,10024.0,jackson hospital & clinic inc,1725 pine street,,empty,montgomery,al,36106.0,montgomery,3342938000.0,acute care hospitals,voluntary non-profit - private,yes,heart attack,ami-8a,heart attack patients given pci within 90 minutes of arrival,40%,15 patients,al_ami-8a
549,10024.0,jackson hospital & clinic inc,1725 pine street,empty,empty,montgomery,al,36106.0,montgomery,3342938000.0,acute care hospitals,voluntary non-profit - private,yes,heart failure,hf-1,heart failure patients given discharge instructions,45%,430 patients,al_hf-1
550,10024.0,jackson hospital & clinic inc,1725 pine street,empty,empty,montgomery,al,36106.0,montgomery,3342938000.0,acute care hospitals,voluntary non-profit - private,yes,heart failure,hf-2,heart failure patients given an evaluation of left ventricular systolic (lvs) function,,518 patients,al_hf-2
551,10024.0,jackson hospital & clinic inc,1725 pine street,empty,empty,montgomery,al,36106.0,montgomery,3342938000.0,acute care hospitals,voluntary non-profit - private,yes,surgical infection prevention,nan,surgery patients needing hair removed from the surgical area before surgery who had hair removed using a safer method (electric clippers or hair removal cream c not a razor),85%,146 patients,al_scip-inf-6
552,10024.0,jackson hospital & clinic inc,1725 pine street,empty,empty,montgomery,al,36106.0,montgomery,3342938000.0,acute care hospitals,voluntary non-profit - private,yes,heart failure,hf-4,heart failure patients given smoking cessation advice/counseling,99%,93 patients,al_hf-4
553,10024.0,jackson hospital & clinic inc,1725 pine street,empty,empty,montgomery,al,36106.0,montgomery,3342938000.0,acute care hospitals,voluntary non-profit - private,yes,pneumonia,pn-2,pneumonia patients assessed and given pneumococcal vaccination,,243 patients,al_pn-2
554,10024.0,jackson hospital & clinic inc,1725 pine street,empty,empty,montgomery,al,36106.0,montgomery,3342938000.0,acute care hospitals,voluntary non-profit - private,yes,pneumonia,pn-3b,pneumonia patients whose initial emergency room blood culture was performed prior to the administration of the first hospital dose of antibiotics,95%,230 patients,al_pn-3b
555,10024.0,jackson hospital & clinic inc,1725 pine street,,empty,montgomery,al,36106.0,montgomery,3342938000.0,acute care hospitals,voluntary non-profit - private,yes,pneumonia,pn-4,pneumonia patients given smoking cessation advice/counseling,91%,74 patients,al_pn-4
556,10024.0,jackson hospital & clinic inc,1725 pine street,,empty,montgomery,,36106.0,montgomery,3342938000.0,acute care hospitals,voluntary non-profit - private,yes,pneumonia,pn-5c,pneumonia patients given initial antibiotic(s) within 6 hours after arrival,88%,233 patients,al_pn-5c
557,10024.0,jackson hospital & clinic inc,1725 pine street,empty,empty,montgomery,al,36106.0,montgomery,3342938000.0,acute care hospitals,voluntary non-profit - private,yes,pneumonia,pn-6,pneumonia patients given the most appropriate initial antibiotic(s),82%,97 patients,al_pn-6
558,10024.0,jackson hospital & clinic inc,1725 pine street,,empty,montgomery,al,36106.0,montgomery,3342938000.0,acute care hospitals,voluntary non-profit - private,yes,pneumonia,pn-7,pneumonia patients assessed and given influenza vaccination,82%,184 patients,al_pn-7
559,nan,nan,1108 ross clark circle,empty,empty,anchorage,al,36302.0,montgomery,3347938701.0,acute care hospitals,government - hospital district or authority,yes,surgical infection prevention,scip-card-2,surgery patients who were taking heart drugs called beta blockers before coming to the hospital who were kept on the beta blockers during the period just before and after their surgery,67%,,al_scip-card-2
560,10024.0,jackson hospital & clinic inc,1725 pine street,empty,empty,montgomery,al,36106.0,montgomery,3342938000.0,,voluntary non-profit - private,yes,surgical infection prevention,scip-inf-1,surgery patients who were given an antibiotic at the right time (within one hour before surgery) to help prevent infection,78%,844 patients,al_scip-inf-1
561,10024.0,jackson hospital & clinic inc,1725 pine street,empty,empty,montgomery,al,36106.0,montgomery,3342938000.0,acute care hospitals,voluntary non-profit - private,yes,surgical infection prevention,scip-inf-2,surgery patients who were given the  right kind  of antibiotic to help prevent infection,98%,827 patients,al_scip-inf-2
562,10024.0,jackson hospital & clinic inc,1725 pine street,empty,empty,montgomery,al,36106.0,montgomery,3342938000.0,acute care hospitals,voluntary non-profit - private,yes,surgical infection prevention,scip-inf-3,surgery patients whose preventive antibiotics were stopped at the right time (within 24 hours after surgery),83%,817 patients,al_scip-inf-3
563,10024.0,jackson hospital & clinic inc,1725 pine street,empty,empty,montgomery,al,36106.0,montgomery,3342938000.0,acute care hospitals,voluntary non-profit - private,yes,surgical infection prevention,scip-inf-4,all heart surgery patients whose blood sugar (blood glucose) is kept under good control in the days right after surgery,72%,270 patients,al_scip-inf-4
564,10024.0,jackson hospital & clinic inc,1725 pine street,empty,empty,montgomery,al,36106.0,,3342938000.0,acute care hospitals,voluntary non-profit - private,yes,surgical infection prevention,scip-inf-6,surgery patients needing hair removed from the surgical area before surgery who had hair removed using a safer method (electric clippers or hair removal cream c not a razor),97%,1062 patients,al_scip-inf-6
565,10024.0,jackson hospital & clinic inc,1725 pine street,empty,empty,montgomery,al,36106.0,montgomery,3342938000.0,acute care hospitals,voluntary non-profit - private,yes,surgical infection prevention,scip-vte-1,surgery patients whose doctors ordered treatments to prevent blood clots after certain types of surgeries,92%,263 patients,al_scip-vte-1
566,10024.0,jackson hospital & clinic inc,1725 pine street,empty,empty,montgomery,al,36106.0,montgomery,3342938000.0,acute care hospitals,voluntary non-profit - private,yes,surgical infection prevention,scip-vte-2,patients who got treatment  at the right time (within 24 hours before or after their surgery) to help prevent blood clots after certain types of surgery,87%,259 patients,al_scip-vte-2
567,10025.0,g h lanier memorial hospital,4800 48th st,empty,empty,valley,al,36854.0,chambers,3347561400.0,acute care hospitals,voluntary non-profit - other,yes,heart attack,ami-1,heart attack patients given aspirin at arrival,92%,24 patients,al_ami-1
568,10025.0,g h lanier memorial hospital,4800 48th st,empty,empty,valley,al,36854.0,chambers,3347561400.0,,voluntary non-profit - other,yes,heart attack,ami-2,heart attack patients given aspirin at discharge,90%,10 patients,al_ami-2
569,10025.0,g h lanier memorial hospital,4800 48th st,empty,empty,valley,al,36854.0,chambers,3347561400.0,acute care hospitals,voluntary non-profit - other,yes,heart attack,ami-3,heart attack patients given ace inhibitor or arb for left ventricular systolic dysfunction (lvsd),100%,1 patients,al_ami-3
570,10025.0,g h lanier memorial hospital,4800 48th st,empty,empty,valley,al,36854.0,chambers,3347561400.0,acute care hospitals,voluntary non-profit - other,yes,heart attack,ami-4,heart attack patients given smoking cessation advice/counseling,50%,4 patients,al_ami-4
571,10025.0,g h lanier memorial hospital,4800 48th st,empty,empty,valley,al,36854.0,chambers,3347561400.0,acute care hospitals,voluntary non-profit - other,yes,heart attack,ami-5,heart attack patients given beta blocker at discharge,92%,13 patients,al_ami-5
572,10025.0,g h lanier memorial hospital,4800 48th st,empty,empty,valley,al,36854.0,chambers,3347561400.0,acute care hospitals,voluntary non-profit - other,yes,heart attack,ami-7a,heart attack patients given fibrinolytic medication within 30 minutes of arrival,0%,2 patients,al_ami-7a
573,10025.0,g h lanier memorial hospital,4800 48th st,empty,empty,valley,al,36854.0,chambers,3347561400.0,acute care hospitals,voluntary non-profit - other,yes,heart attack,ami-8a,heart attack patients given pci within 90 minutes of arrival,empty,,al_ami-8a
574,10025.0,g h lanier memorial hospital,4800 48th st,empty,empty,valley,,36854.0,chambers,3347561400.0,acute care hospitals,voluntary non-profit - other,yes,heart failure,hf-1,heart failure patients given discharge instructions,54%,,al_hf-1
575,10025.0,g h lanier memorial hospital,4800 48th st,empty,empty,valley,al,36854.0,chambers,3347561400.0,acute care hospitals,voluntary non-profit - other,yes,surgical infection prevention,nan,surgery patients needing hair removed from the surgical area before surgery who had hair removed using a safer method (electric clippers or hair removal cream c not a razor),99%,164 patients,al_scip-inf-6
576,10025.0,g h lanier memorial hospital,4800 48th st,empty,empty,valley,al,36854.0,chambers,3347561400.0,acute care hospitals,voluntary non-profit - other,yes,heart failure,hf-3,heart failure patients given ace inhibitor or arb for left ventricular systolic dysfunction (lvsd),96%,75 patients,al_hf-3
577,10025.0,g h lanier memorial hospital,4800 48th st,empty,empty,valley,al,36854.0,chambers,3347561400.0,acute care hospitals,voluntary non-profit - other,yes,heart failure,hf-4,heart failure patients given smoking cessation advice/counseling,97%,38 patients,al_hf-4
578,10025.0,g h lanier memorial hospital,4800 48th st,empty,empty,valley,al,36854.0,chambers,3347561400.0,acute care hospitals,voluntary non-profit - other,yes,pneumonia,pn-2,pneumonia patients assessed and given pneumococcal vaccination,80%,55 patients,al_pn-2
579,10025.0,g h lanier memorial hospital,4800 48th st,empty,empty,valley,al,36854.0,chambers,3347561400.0,acute care hospitals,voluntary non-profit - other,yes,pneumonia,pn-3b,pneumonia patients whose initial emergency room blood culture was performed prior to the administration of the first hospital dose of antibiotics,95%,43 patients,al_pn-3b
580,10025.0,g h lanier memorial hospital,4800 48th st,empty,empty,valley,al,36854.0,chambers,3347561400.0,acute care hospitals,voluntary non-profit - other,yes,pneumonia,pn-4,pneumonia patients given smoking cessation advice/counseling,91%,34 patients,al_pn-4
581,10025.0,g h lanier memorial hospital,4800 48th st,empty,empty,valley,al,36854.0,chambers,3347561400.0,acute care hospitals,voluntary non-profit - other,yes,pneumonia,pn-5c,pneumonia patients given initial antibiotic(s) within 6 hours after arrival,82%,50 patients,al_pn-5c
582,10025.0,g h lanier memorial hospital,4800 48th st,empty,empty,valley,al,36854.0,chambers,3347561400.0,acute care hospitals,voluntary non-profit - other,yes,pneumonia,pn-6,pneumonia patients given the most appropriate initial antibiotic(s),,52 patients,al_pn-6
583,10025.0,g h lanier memorial hospital,4800 48th st,empty,empty,valley,al,36854.0,chambers,3347561400.0,acute care hospitals,voluntary non-profit - other,yes,pneumonia,pn-7,pneumonia patients assessed and given influenza vaccination,75%,60 patients,al_pn-7
584,10025.0,g h lanier memorial hospital,4800 48th st,empty,empty,valley,al,36854.0,chambers,3347561400.0,acute care hospitals,voluntary non-profit - other,yes,surgical infection prevention,scip-card-2,surgery patients who were taking heart drugs called beta blockers before coming to the hospital who were kept on the beta blockers during the period just before and after their surgery,32%,19 patients,al_scip-card-2
585,10025.0,g h lanier memorial hospital,4800 48th st,empty,empty,valley,al,36854.0,chambers,3347561400.0,acute care hospitals,voluntary non-profit - other,yes,surgical infection prevention,scip-inf-1,surgery patients who were given an antibiotic at the right time (within one hour before surgery) to help prevent infection,100%,117 patients,al_scip-inf-1
586,10025.0,g h lanier memorial hospital,4800 48th st,empty,empty,valley,al,36854.0,chambers,3347561400.0,acute care hospitals,voluntary non-profit - other,yes,surgical infection prevention,scip-inf-2,surgery patients who were given the  right kind  of antibiotic to help prevent infection,93%,118 patients,al_scip-inf-2
587,10025.0,g h lanier memorial hospital,4800 48th st,empty,empty,valley,al,36854.0,chambers,3347561400.0,acute care hospitals,voluntary non-profit - other,yes,surgical infection prevention,scip-inf-3,surgery patients whose preventive antibiotics were stopped at the right time (within 24 hours after surgery),79%,116 patients,al_scip-inf-3
588,10025.0,g h lanier memorial hospital,4800 48th st,empty,empty,valley,al,36854.0,chambers,3347561400.0,acute care hospitals,voluntary non-profit - other,yes,surgical infection prevention,scip-inf-4,all heart surgery patients whose blood sugar (blood glucose) is kept under good control in the days right after surgery,empty,0 patients,al_scip-inf-4
589,10025.0,g h lanier memorial hospital,4800 48th st,empty,empty,valley,al,36854.0,chambers,3347561400.0,acute care hospitals,voluntary non-profit - other,yes,surgical infection prevention,scip-inf-6,surgery patients needing hair removed from the surgical area before surgery who had hair removed using a safer method (electric clippers or hair removal cream c not a razor),96%,172 patients,al_scip-inf-6
590,10025.0,g h lanier memorial hospital,4800 48th st,empty,empty,valley,al,36854.0,chambers,3347561400.0,acute care hospitals,voluntary non-profit - other,yes,surgical infection prevention,scip-vte-1,surgery patients whose doctors ordered treatments to prevent blood clots after certain types of surgeries,88%,85 patients,al_scip-vte-1
591,10025.0,g h lanier memorial hospital,4800 48th st,empty,empty,valley,al,36854.0,chambers,3347561400.0,acute care hospitals,voluntary non-profit - other,yes,surgical infection prevention,scip-vte-2,patients who got treatment  at the right time (within 24 hours before or after their surgery) to help prevent blood clots after certain types of surgery,82%,84 patients,al_scip-vte-2
592,10027.0,elba general hospital,987 drayton street,empty,empty,elba,al,36323.0,coffee,3348972257.0,acute care hospitals,voluntary non-profit - other,yes,heart attack,ami-1,heart attack patients given aspirin at arrival,empty,empty,al_ami-1
593,10027.0,elba general hospital,987 drayton street,empty,empty,elba,al,36323.0,coffee,3348972257.0,acute care hospitals,voluntary non-profit - other,yes,heart attack,ami-2,heart attack patients given aspirin at discharge,empty,empty,al_ami-2
594,10027.0,elba general hospital,987 drayton street,empty,empty,elba,al,36323.0,coffee,3348972257.0,acute care hospitals,voluntary non-profit - other,yes,heart attack,ami-3,heart attack patients given ace inhibitor or arb for left ventricular systolic dysfunction (lvsd),empty,empty,al_ami-3
595,10027.0,elba general hospital,987 drayton street,empty,empty,elba,al,36323.0,coffee,3348972257.0,acute care hospitals,voluntary non-profit - other,yes,heart attack,ami-4,heart attack patients given smoking cessation advice/counseling,empty,empty,al_ami-4
596,10027.0,elba general hospital,987 drayton street,empty,empty,elba,al,36323.0,coffee,3348972257.0,acute care hospitals,voluntary non-profit - other,yes,heart attack,ami-5,heart attack patients given beta blocker at discharge,empty,empty,al_ami-5
597,10027.0,elba general hospital,987 drayton street,empty,empty,elba,al,36323.0,coffee,3348972257.0,acute care hospitals,voluntary non-profit - other,yes,heart attack,ami-7a,heart attack patients given fibrinolytic medication within 30 minutes of arrival,empty,,al_ami-7a
598,10027.0,elba general hospital,987 drayton street,empty,empty,elba,al,36323.0,coffee,3348972257.0,acute care hospitals,voluntary non-profit - other,yes,heart attack,ami-8a,heart attack patients given pci within 90 minutes of arrival,empty,empty,al_ami-8a
599,10027.0,elba general hospital,987 drayton street,empty,empty,elba,al,36323.0,coffee,3348972257.0,acute care hospitals,voluntary non-profit - other,yes,heart failure,hf-1,heart failure patients given discharge instructions,100%,2 patients,al_hf-1
600,10027.0,elba general hospital,987 drayton street,empty,empty,elba,al,36323.0,coffee,3348972257.0,acute care hospitals,voluntary non-profit - other,yes,heart failure,hf-2,heart failure patients given an evaluation of left ventricular systolic (lvs) function,100%,3 patients,al_hf-2
601,10027.0,elba general hospital,987 drayton street,empty,,elba,al,36323.0,coffee,3348972257.0,,voluntary non-profit - other,yes,heart failure,hf-3,heart failure patients given ace inhibitor or arb for left ventricular systolic dysfunction (lvsd),empty,0 patients,al_hf-3
602,10027.0,elba general hospital,987 drayton street,empty,empty,elba,al,36323.0,coffee,3348972257.0,acute care hospitals,voluntary non-profit - other,yes,heart failure,hf-4,heart failure patients given smoking cessation advice/counseling,empty,0 patients,al_hf-4
603,10027.0,elba general hospital,987 drayton street,empty,empty,elba,al,36323.0,coffee,3348972257.0,acute care hospitals,voluntary non-profit - other,yes,surgical infection prevention,nan,surgery patients needing hair removed from the surgical area before surgery who had hair removed using a safer method (electric clippers or hair removal cream c not a razor),100%,,al_scip-inf-6
604,10027.0,elba general hospital,987 drayton street,empty,empty,elba,al,36323.0,coffee,3348972257.0,acute care hospitals,voluntary non-profit - other,yes,pneumonia,pn-3b,pneumonia patients whose initial emergency room blood culture was performed prior to the administration of the first hospital dose of antibiotics,100%,19 patients,al_pn-3b
605,10027.0,elba general hospital,987 drayton street,empty,empty,elba,al,36323.0,coffee,3348972257.0,acute care hospitals,voluntary non-profit - other,yes,pneumonia,pn-4,pneumonia patients given smoking cessation advice/counseling,100%,12 patients,al_pn-4
606,10027.0,elba general hospital,987 drayton street,empty,,elba,al,36323.0,coffee,3348972257.0,acute care hospitals,voluntary non-profit - other,yes,pneumonia,pn-5c,pneumonia patients given initial antibiotic(s) within 6 hours after arrival,100%,40 patients,al_pn-5c
607,10027.0,elba general hospital,987 drayton street,empty,empty,elba,al,36323.0,coffee,3348972257.0,acute care hospitals,voluntary non-profit - other,yes,pneumonia,pn-6,pneumonia patients given the most appropriate initial antibiotic(s),93%,30 patients,al_pn-6
608,10027.0,elba general hospital,987 drayton street,empty,empty,elba,al,36323.0,coffee,3348972257.0,acute care hospitals,voluntary non-profit - other,yes,pneumonia,pn-7,pneumonia patients assessed and given influenza vaccination,100%,23 patients,al_pn-7
609,10027.0,elba general hospital,987 drayton street,empty,empty,elba,al,36323.0,coffee,3348972257.0,acute care hospitals,voluntary non-profit - other,yes,surgical infection prevention,scip-card-2,surgery patients who were taking heart drugs called beta blockers before coming to the hospital who were kept on the beta blockers during the period just before and after their surgery,empty,empty,al_scip-card-2
610,10027.0,elba general hospital,987 drayton street,empty,empty,elba,al,36323.0,coffee,3348972257.0,acute care hospitals,voluntary non-profit - other,yes,surgical infection prevention,scip-inf-1,surgery patients who were given an antibiotic at the right time (within one hour before surgery) to help prevent infection,empty,empty,al_scip-inf-1
611,10027.0,elba general hospital,987 drayton street,empty,empty,elba,al,36323.0,coffee,3348972257.0,,voluntary non-profit - other,yes,surgical infection prevention,scip-inf-2,surgery patients who were given the  right kind  of antibiotic to help prevent infection,empty,empty,al_scip-inf-2
612,10027.0,elba general hospital,987 drayton street,empty,empty,elba,al,36323.0,coffee,3348972257.0,acute care hospitals,voluntary non-profit - other,yes,surgical infection prevention,scip-inf-3,surgery patients whose preventive antibiotics were stopped at the right time (within 24 hours after surgery),empty,empty,al_scip-inf-3
613,10027.0,elba general hospital,987 drayton street,empty,empty,elba,al,36323.0,coffee,3348972257.0,acute care hospitals,voluntary non-profit - other,yes,surgical infection prevention,scip-inf-4,all heart surgery patients whose blood sugar (blood glucose) is kept under good control in the days right after surgery,empty,empty,al_scip-inf-4
614,10027.0,elba general hospital,987 drayton street,,empty,elba,al,36323.0,coffee,3348972257.0,acute care hospitals,voluntary non-profit - other,yes,surgical infection prevention,scip-inf-6,surgery patients needing hair removed from the surgical area before surgery who had hair removed using a safer method (electric clippers or hair removal cream c not a razor),empty,empty,al_scip-inf-6
615,10027.0,elba general hospital,987 drayton street,empty,empty,elba,al,36323.0,coffee,3348972257.0,acute care hospitals,voluntary non-profit - other,yes,surgical infection prevention,scip-vte-1,surgery patients whose doctors ordered treatments to prevent blood clots after certain types of surgeries,empty,empty,al_scip-vte-1
616,10027.0,elba general hospital,987 drayton street,empty,empty,elba,al,36323.0,coffee,3348972257.0,acute care hospitals,voluntary non-profit - other,yes,surgical infection prevention,scip-vte-2,patients who got treatment  at the right time (within 24 hours before or after their surgery) to help prevent blood clots after certain types of surgery,empty,empty,al_scip-vte-2
617,10029.0,east alabama medical center and snf,2000 pepperell parkway,empty,,opelika,al,36801.0,lee,3347493411.0,acute care hospitals,government - hospital district or authority,yes,heart attack,ami-1,heart attack patients given aspirin at arrival,98%,185 patients,al_ami-1
618,10029.0,east alabama medical center and snf,2000 pepperell parkway,,empty,opelika,al,36801.0,lee,3347493411.0,acute care hospitals,government - hospital district or authority,yes,heart attack,ami-2,heart attack patients given aspirin at discharge,97%,290 patients,al_ami-2
619,10029.0,east alabama medical center and snf,2000 pepperell parkway,empty,empty,opelika,al,36801.0,lee,3347493411.0,acute care hospitals,government - hospital district or authority,yes,heart attack,ami-3,heart attack patients given ace inhibitor or arb for left ventricular systolic dysfunction (lvsd),93%,72 patients,al_ami-3
620,10029.0,east alabama medical center and snf,2000 pepperell parkway,empty,empty,opelika,al,36801.0,lee,3347493411.0,acute care hospitals,government - hospital district or authority,yes,heart attack,ami-4,heart attack patients given smoking cessation advice/counseling,100%,122 patients,al_ami-4
621,10029.0,east alabama medical center and snf,2000 pepperell parkway,empty,empty,opelika,al,36801.0,lee,3347493411.0,acute care hospitals,government - hospital district or authority,yes,heart attack,ami-5,heart attack patients given beta blocker at discharge,98%,281 patients,al_ami-5
622,10029.0,east alabama medical center and snf,2000 pepperell parkway,empty,empty,opelika,al,36801.0,lee,3347493411.0,acute care hospitals,government - hospital district or authority,yes,heart attack,ami-7a,heart attack patients given fibrinolytic medication within 30 minutes of arrival,empty,0 patients,al_ami-7a
623,10029.0,east alabama medical center and snf,2000 pepperell parkway,empty,empty,opelika,al,36801.0,lee,3347493411.0,acute care hospitals,government - hospital district or authority,yes,heart attack,ami-8a,heart attack patients given pci within 90 minutes of arrival,85%,26 patients,al_ami-8a
624,10029.0,east alabama medical center and snf,2000 pepperell parkway,empty,empty,opelika,al,36801.0,lee,3347493411.0,acute care hospitals,government - hospital district or authority,yes,heart failure,hf-1,heart failure patients given discharge instructions,82%,527 patients,al_hf-1
625,10029.0,east alabama medical center and snf,2000 pepperell parkway,empty,empty,opelika,al,36801.0,lee,3347493411.0,acute care hospitals,government - hospital district or authority,yes,heart failure,hf-2,heart failure patients given an evaluation of left ventricular systolic (lvs) function,100%,570 patients,al_hf-2
626,10029.0,east alabama medical center and snf,2000 pepperell parkway,empty,empty,opelika,al,36801.0,lee,3347493411.0,acute care hospitals,government - hospital district or authority,yes,heart failure,hf-3,heart failure patients given ace inhibitor or arb for left ventricular systolic dysfunction (lvsd),92%,272 patients,al_hf-3
627,nan,nan,1108 ross clark circle,empty,empty,anchorage,al,36302.0,lee,3347938701.0,acute care hospitals,government - hospital district or authority,yes,heart failure,hf-4,heart failure patients given smoking cessation advice/counseling,100%,101 patients,al_hf-4
628,10029.0,east alabama medical center and snf,2000 pepperell parkway,empty,empty,opelika,al,36801.0,lee,3347493411.0,acute care hospitals,government - hospital district or authority,yes,pneumonia,pn-2,pneumonia patients assessed and given pneumococcal vaccination,92%,114 patients,al_pn-2
629,10029.0,east alabama medical center and snf,2000 pepperell parkway,empty,empty,opelika,al,36801.0,lee,3347493411.0,acute care hospitals,government - hospital district or authority,yes,pneumonia,pn-3b,pneumonia patients whose initial emergency room blood culture was performed prior to the administration of the first hospital dose of antibiotics,91%,129 patients,al_pn-3b
630,10029.0,east alabama medical center and snf,2000 pepperell parkway,empty,empty,opelika,al,36801.0,lee,3347493411.0,acute care hospitals,government - hospital district or authority,yes,pneumonia,pn-4,pneumonia patients given smoking cessation advice/counseling,100%,59 patients,al_pn-4
631,10029.0,east alabama medical center and snf,2000 pepperell parkway,empty,empty,opelika,al,36801.0,lee,3347493411.0,acute care hospitals,government - hospital district or authority,yes,pneumonia,pn-5c,pneumonia patients given initial antibiotic(s) within 6 hours after arrival,96%,153 patients,al_pn-5c
632,10029.0,east alabama medical center and snf,2000 pepperell parkway,empty,empty,opelika,al,36801.0,lee,3347493411.0,acute care hospitals,government - hospital district or authority,yes,pneumonia,pn-6,pneumonia patients given the most appropriate initial antibiotic(s),97%,115 patients,al_pn-6
633,10029.0,east alabama medical center and snf,2000 pepperell parkway,empty,empty,opelika,al,36801.0,lee,3347493411.0,acute care hospitals,government - hospital district or authority,yes,pneumonia,pn-7,pneumonia patients assessed and given influenza vaccination,88%,,al_pn-7
634,10029.0,east alabama medical center and snf,2000 pepperell parkway,empty,empty,opelika,al,36801.0,lee,3347493411.0,acute care hospitals,government - hospital district or authority,yes,surgical infection prevention,scip-card-2,surgery patients who were taking heart drugs called beta blockers before coming to the hospital who were kept on the beta blockers during the period just before and after their surgery,98%,208 patients,al_scip-card-2
635,10029.0,east alabama medical center and snf,2000 pepperell parkway,empty,empty,opelika,al,36801.0,lee,3347493411.0,acute care hospitals,government - hospital district or authority,yes,surgical infection prevention,scip-inf-1,surgery patients who were given an antibiotic at the right time (within one hour before surgery) to help prevent infection,99%,1001 patients,al_scip-inf-1
636,10029.0,east alabama medical center and snf,2000 pepperell parkway,empty,empty,opelika,al,36801.0,lee,3347493411.0,acute care hospitals,government - hospital district or authority,yes,surgical infection prevention,scip-inf-2,surgery patients who were given the  right kind  of antibiotic to help prevent infection,99%,1016 patients,al_scip-inf-2
637,10029.0,east alabama medical center and snf,2000 pepperell parkway,empty,empty,opelika,al,36801.0,lee,3347493411.0,acute care hospitals,government - hospital district or authority,yes,surgical infection prevention,scip-inf-3,surgery patients whose preventive antibiotics were stopped at the right time (within 24 hours after surgery),97%,962 patients,al_scip-inf-3
638,10029.0,east alabama medical center and snf,2000 pepperell parkway,empty,empty,opelika,al,36801.0,lee,3347493411.0,acute care hospitals,government - hospital district or authority,yes,surgical infection prevention,scip-inf-4,all heart surgery patients whose blood sugar (blood glucose) is kept under good control in the days right after surgery,98%,241 patients,al_scip-inf-4
639,10029.0,east alabama medical center and snf,2000 pepperell parkway,empty,empty,opelika,al,36801.0,lee,3347493411.0,acute care hospitals,government - hospital district or authority,yes,surgical infection prevention,scip-inf-6,surgery patients needing hair removed from the surgical area before surgery who had hair removed using a safer method (electric clippers or hair removal cream c not a razor),100%,1421 patients,al_scip-inf-6
640,nan,nan,1108 ross clark circle,empty,empty,anchorage,al,36302.0,lee,3347938701.0,acute care hospitals,government - hospital district or authority,yes,surgical infection prevention,scip-vte-1,surgery patients whose doctors ordered treatments to prevent blood clots after certain types of surgeries,92%,473 patients,al_scip-vte-1
641,10029.0,east alabama medical center and snf,2000 pepperell parkway,empty,empty,opelika,al,36801.0,lee,3347493411.0,acute care hospitals,government - hospital district or authority,yes,surgical infection prevention,scip-vte-2,patients who got treatment  at the right time (within 24 hours before or after their surgery) to help prevent blood clots after certain types of surgery,90%,473 patients,al_scip-vte-2
642,10032.0,wedowee hospital,209 north main street,empty,empty,wedowee,al,36278.0,randolph,2563572111.0,acute care hospitals,government - local,no,heart attack,ami-1,heart attack patients given aspirin at arrival,50%,4 patients,al_ami-1
643,10032.0,wedowee hospital,209 north main street,empty,empty,wedowee,al,36278.0,randolph,2563572111.0,acute care hospitals,government - local,no,heart attack,ami-2,heart attack patients given aspirin at discharge,67%,3 patients,al_ami-2
644,10032.0,wedowee hospital,209 north main street,empty,,wedowee,al,36278.0,randolph,2563572111.0,acute care hospitals,government - local,no,heart attack,ami-3,heart attack patients given ace inhibitor or arb for left ventricular systolic dysfunction (lvsd),empty,0 patients,al_ami-3
645,10032.0,wedowee hospital,209 north main street,,empty,wedowee,al,36278.0,randolph,2563572111.0,acute care hospitals,government - local,no,heart attack,ami-4,heart attack patients given smoking cessation advice/counseling,empty,0 patients,al_ami-4
646,10032.0,wedowee hospital,209 north main street,,empty,wedowee,al,36278.0,randolph,2563572111.0,,government - local,no,heart attack,ami-5,heart attack patients given beta blocker at discharge,67%,3 patients,al_ami-5
647,10032.0,wedowee hospital,209 north main street,empty,empty,wedowee,al,36278.0,randolph,2563572111.0,acute care hospitals,government - local,no,heart attack,ami-7a,heart attack patients given fibrinolytic medication within 30 minutes of arrival,empty,0 patients,al_ami-7a
648,10032.0,wedowee hospital,209 north main street,empty,empty,wedowee,al,36278.0,randolph,2563572111.0,acute care hospitals,government - local,no,heart attack,ami-8a,heart attack patients given pci within 90 minutes of arrival,empty,0 patients,al_ami-8a
649,10032.0,wedowee hospital,209 north main street,empty,empty,wedowee,al,36278.0,randolph,2563572111.0,acute care hospitals,government - local,no,heart failure,hf-1,heart failure patients given discharge instructions,0%,34 patients,al_hf-1
650,10032.0,wedowee hospital,209 north main street,empty,,wedowee,,36278.0,randolph,2563572111.0,acute care hospitals,government - local,no,heart failure,hf-2,heart failure patients given an evaluation of left ventricular systolic (lvs) function,38%,39 patients,al_hf-2
651,10032.0,wedowee hospital,209 north main street,empty,empty,wedowee,al,36278.0,randolph,2563572111.0,acute care hospitals,government - local,no,heart failure,hf-3,heart failure patients given ace inhibitor or arb for left ventricular systolic dysfunction (lvsd),25%,4 patients,al_hf-3
652,10032.0,wedowee hospital,209 north main street,empty,,wedowee,al,36278.0,randolph,2563572111.0,acute care hospitals,government - local,no,heart failure,hf-4,heart failure patients given smoking cessation advice/counseling,100%,2 patients,al_hf-4
653,10032.0,wedowee hospital,209 north main street,empty,empty,wedowee,al,36278.0,randolph,2563572111.0,acute care hospitals,government - local,no,pneumonia,pn-2,pneumonia patients assessed and given pneumococcal vaccination,25%,28 patients,al_pn-2
654,10032.0,wedowee hospital,209 north main street,empty,empty,wedowee,al,36278.0,randolph,2563572111.0,acute care hospitals,government - local,no,surgical infection prevention,nan,surgery patients needing hair removed from the surgical area before surgery who had hair removed using a safer method (electric clippers or hair removal cream c not a razor),100%,14 patients,al_scip-inf-6
655,nan,nan,1108 ross clark circle,empty,empty,anchorage,al,36302.0,randolph,3347938701.0,acute care hospitals,government - hospital district or authority,yes,pneumonia,pn-4,pneumonia patients given smoking cessation advice/counseling,67%,6 patients,al_pn-4
656,10032.0,wedowee hospital,209 north main street,empty,empty,wedowee,al,36278.0,randolph,2563572111.0,acute care hospitals,government - local,no,pneumonia,pn-5c,pneumonia patients given initial antibiotic(s) within 6 hours after arrival,90%,30 patients,al_pn-5c
657,10032.0,wedowee hospital,209 north main street,empty,empty,wedowee,al,36278.0,randolph,2563572111.0,acute care hospitals,government - local,no,pneumonia,pn-6,pneumonia patients given the most appropriate initial antibiotic(s),96%,23 patients,al_pn-6
658,10032.0,wedowee hospital,209 north main street,empty,empty,wedowee,al,36278.0,randolph,2563572111.0,acute care hospitals,government - local,no,pneumonia,pn-7,pneumonia patients assessed and given influenza vaccination,12%,16 patients,al_pn-7
659,10032.0,wedowee hospital,209 north main street,empty,empty,wedowee,al,36278.0,randolph,2563572111.0,acute care hospitals,government - local,no,surgical infection prevention,scip-card-2,surgery patients who were taking heart drugs called beta blockers before coming to the hospital who were kept on the beta blockers during the period just before and after their surgery,empty,empty,al_scip-card-2
660,10032.0,wedowee hospital,209 north main street,empty,empty,wedowee,al,36278.0,randolph,2563572111.0,acute care hospitals,government - local,no,surgical infection prevention,scip-inf-1,surgery patients who were given an antibiotic at the right time (within one hour before surgery) to help prevent infection,empty,empty,al_scip-inf-1
661,10032.0,wedowee hospital,209 north main street,empty,empty,wedowee,al,36278.0,randolph,2563572111.0,acute care hospitals,government - local,no,surgical infection prevention,scip-inf-2,surgery patients who were given the  right kind  of antibiotic to help prevent infection,empty,empty,al_scip-inf-2
662,10032.0,wedowee hospital,209 north main street,empty,empty,wedowee,al,36278.0,randolph,2563572111.0,acute care hospitals,government - local,no,surgical infection prevention,scip-inf-3,surgery patients whose preventive antibiotics were stopped at the right time (within 24 hours after surgery),empty,empty,al_scip-inf-3
663,10032.0,wedowee hospital,209 north main street,,empty,wedowee,al,36278.0,randolph,2563572111.0,acute care hospitals,government - local,no,surgical infection prevention,scip-inf-4,all heart surgery patients whose blood sugar (blood glucose) is kept under good control in the days right after surgery,empty,empty,al_scip-inf-4
664,10032.0,wedowee hospital,209 north main street,empty,empty,wedowee,al,36278.0,randolph,2563572111.0,acute care hospitals,government - local,no,surgical infection prevention,scip-inf-6,surgery patients needing hair removed from the surgical area before surgery who had hair removed using a safer method (electric clippers or hair removal cream c not a razor),empty,empty,al_scip-inf-6
665,10032.0,wedowee hospital,209 north main street,empty,empty,wedowee,al,36278.0,randolph,2563572111.0,,government - local,no,surgical infection prevention,scip-vte-1,surgery patients whose doctors ordered treatments to prevent blood clots after certain types of surgeries,empty,empty,al_scip-vte-1
666,10032.0,wedowee hospital,209 north main street,,empty,wedowee,al,36278.0,randolph,2563572111.0,acute care hospitals,government - local,no,surgical infection prevention,scip-vte-2,patients who got treatment  at the right time (within 24 hours before or after their surgery) to help prevent blood clots after certain types of surgery,empty,empty,al_scip-vte-2
667,10033.0,university of alabama hospital,619 south 19th street,empty,,birmingham,al,35233.0,jefferson,2059344011.0,,government - state,yes,heart attack,ami-1,heart attack patients given aspirin at arrival,98%,229 patients,al_ami-1
668,10033.0,university of alabama hospital,619 south 19th street,empty,empty,birmingham,al,35233.0,jefferson,2059344011.0,acute care hospitals,government - state,yes,heart attack,ami-2,heart attack patients given aspirin at discharge,98%,316 patients,al_ami-2
669,10033.0,university of alabama hospital,619 south 19th street,empty,empty,birmingham,al,35233.0,jefferson,2059344011.0,acute care hospitals,government - state,yes,heart attack,ami-3,heart attack patients given ace inhibitor or arb for left ventricular systolic dysfunction (lvsd),91%,87 patients,al_ami-3
670,nan,nan,1108 ross clark circle,empty,empty,anchorage,,36302.0,jefferson,3347938701.0,acute care hospitals,government - hospital district or authority,yes,heart attack,ami-4,heart attack patients given smoking cessation advice/counseling,100%,147 patients,al_ami-4
671,10033.0,university of alabama hospital,619 south 19th street,empty,empty,birmingham,al,35233.0,jefferson,2059344011.0,acute care hospitals,government - state,yes,heart attack,ami-5,heart attack patients given beta blocker at discharge,97%,331 patients,al_ami-5
672,10033.0,university of alabama hospital,619 south 19th street,empty,empty,birmingham,al,35233.0,jefferson,2059344011.0,acute care hospitals,government - state,yes,heart attack,ami-7a,heart attack patients given fibrinolytic medication within 30 minutes of arrival,empty,0 patients,al_ami-7a
673,10033.0,university of alabama hospital,619 south 19th street,empty,empty,birmingham,al,35233.0,jefferson,2059344011.0,acute care hospitals,government - state,yes,heart attack,ami-8a,heart attack patients given pci within 90 minutes of arrival,98%,,al_ami-8a
674,10033.0,university of alabama hospital,619 south 19th street,empty,empty,birmingham,al,35233.0,jefferson,2059344011.0,acute care hospitals,government - state,yes,heart failure,hf-1,heart failure patients given discharge instructions,46%,618 patients,al_hf-1
675,10033.0,university of alabama hospital,619 south 19th street,empty,empty,birmingham,al,35233.0,jefferson,2059344011.0,acute care hospitals,government - state,yes,heart failure,hf-2,heart failure patients given an evaluation of left ventricular systolic (lvs) function,96%,681 patients,al_hf-2
676,10033.0,university of alabama hospital,619 south 19th street,empty,empty,birmingham,al,35233.0,jefferson,2059344011.0,acute care hospitals,government - state,yes,heart failure,hf-3,heart failure patients given ace inhibitor or arb for left ventricular systolic dysfunction (lvsd),94%,343 patients,al_hf-3
677,10033.0,university of alabama hospital,619 south 19th street,empty,empty,birmingham,al,35233.0,jefferson,2059344011.0,acute care hospitals,government - state,yes,heart failure,hf-4,heart failure patients given smoking cessation advice/counseling,,130 patients,al_hf-4
678,10033.0,university of alabama hospital,619 south 19th street,empty,empty,birmingham,al,35233.0,jefferson,2059344011.0,acute care hospitals,government - state,yes,surgical infection prevention,nan,surgery patients needing hair removed from the surgical area before surgery who had hair removed using a safer method (electric clippers or hair removal cream c not a razor),74%,247 patients,al_scip-inf-6
679,10033.0,university of alabama hospital,619 south 19th street,empty,empty,birmingham,al,35233.0,jefferson,2059344011.0,,government - state,yes,pneumonia,pn-3b,pneumonia patients whose initial emergency room blood culture was performed prior to the administration of the first hospital dose of antibiotics,92%,378 patients,al_pn-3b
680,10033.0,university of alabama hospital,619 south 19th street,empty,empty,birmingham,al,35233.0,jefferson,2059344011.0,acute care hospitals,government - state,yes,pneumonia,pn-4,pneumonia patients given smoking cessation advice/counseling,100%,169 patients,al_pn-4
681,10033.0,university of alabama hospital,619 south 19th street,empty,empty,birmingham,al,35233.0,jefferson,2059344011.0,acute care hospitals,government - state,yes,pneumonia,pn-5c,pneumonia patients given initial antibiotic(s) within 6 hours after arrival,92%,357 patients,al_pn-5c
682,10033.0,university of alabama hospital,619 south 19th street,empty,empty,birmingham,al,35233.0,jefferson,2059344011.0,,government - state,yes,pneumonia,pn-6,pneumonia patients given the most appropriate initial antibiotic(s),85%,155 patients,al_pn-6
683,10033.0,university of alabama hospital,619 south 19th street,empty,empty,birmingham,al,35233.0,jefferson,2059344011.0,acute care hospitals,government - state,yes,pneumonia,pn-7,pneumonia patients assessed and given influenza vaccination,79%,,al_pn-7
684,10033.0,university of alabama hospital,619 south 19th street,empty,empty,birmingham,al,35233.0,jefferson,2059344011.0,acute care hospitals,government - state,yes,surgical infection prevention,scip-card-2,surgery patients who were taking heart drugs called beta blockers before coming to the hospital who were kept on the beta blockers during the period just before and after their surgery,69%,94 patients,al_scip-card-2
685,10033.0,university of alabama hospital,619 south 19th street,empty,empty,birmingham,al,35233.0,jefferson,2059344011.0,acute care hospitals,government - state,yes,surgical infection prevention,nan,surgery patients needing hair removed from the surgical area before surgery who had hair removed using a safer method (electric clippers or hair removal cream c not a razor),88%,324 patients,al_scip-inf-6
686,10033.0,university of alabama hospital,619 south 19th street,empty,empty,birmingham,al,35233.0,jefferson,2059344011.0,acute care hospitals,government - state,yes,surgical infection prevention,scip-inf-2,surgery patients who were given the  right kind  of antibiotic to help prevent infection,95%,350 patients,al_scip-inf-2
687,10033.0,university of alabama hospital,619 south 19th street,empty,empty,birmingham,al,35233.0,jefferson,2059344011.0,acute care hospitals,government - state,yes,surgical infection prevention,scip-inf-3,surgery patients whose preventive antibiotics were stopped at the right time (within 24 hours after surgery),87%,,al_scip-inf-3
688,nan,nan,1108 ross clark circle,empty,empty,anchorage,al,36302.0,jefferson,3347938701.0,acute care hospitals,government - hospital district or authority,yes,surgical infection prevention,scip-inf-4,all heart surgery patients whose blood sugar (blood glucose) is kept under good control in the days right after surgery,76%,140 patients,al_scip-inf-4
689,10033.0,university of alabama hospital,619 south 19th street,empty,empty,birmingham,,35233.0,jefferson,2059344011.0,acute care hospitals,government - state,yes,surgical infection prevention,scip-inf-6,surgery patients needing hair removed from the surgical area before surgery who had hair removed using a safer method (electric clippers or hair removal cream c not a razor),97%,585 patients,al_scip-inf-6
690,10033.0,university of alabama hospital,619 south 19th street,empty,empty,birmingham,al,35233.0,jefferson,2059344011.0,acute care hospitals,government - state,yes,surgical infection prevention,scip-vte-1,surgery patients whose doctors ordered treatments to prevent blood clots after certain types of surgeries,,230 patients,al_scip-vte-1
691,10033.0,university of alabama hospital,619 south 19th street,empty,empty,birmingham,al,35233.0,jefferson,2059344011.0,acute care hospitals,government - state,yes,surgical infection prevention,scip-vte-2,patients who got treatment  at the right time (within 24 hours before or after their surgery) to help prevent blood clots after certain types of surgery,77%,224 patients,al_scip-vte-2
692,10034.0,community hospital inc,805 friendship road,empty,empty,tallassee,al,36078.0,elmore,3342836541.0,,voluntary non-profit - private,no,heart attack,ami-1,heart attack patients given aspirin at arrival,77%,13 patients,al_ami-1
693,10034.0,community hospital inc,805 friendship road,empty,empty,tallassee,al,36078.0,elmore,3342836541.0,acute care hospitals,voluntary non-profit - private,no,heart attack,ami-2,heart attack patients given aspirin at discharge,100%,4 patients,al_ami-2
694,10034.0,community hospital inc,805 friendship road,empty,empty,tallassee,al,36078.0,elmore,3342836541.0,acute care hospitals,voluntary non-profit - private,no,heart attack,ami-3,heart attack patients given ace inhibitor or arb for left ventricular systolic dysfunction (lvsd),,1 patients,al_ami-3
695,10034.0,community hospital inc,805 friendship road,empty,empty,tallassee,al,36078.0,elmore,3342836541.0,acute care hospitals,voluntary non-profit - private,no,heart attack,ami-4,heart attack patients given smoking cessation advice/counseling,empty,0 patients,al_ami-4
696,nan,nan,1108 ross clark circle,empty,empty,anchorage,al,36302.0,elmore,3347938701.0,acute care hospitals,government - hospital district or authority,yes,surgical infection prevention,nan,surgery patients needing hair removed from the surgical area before surgery who had hair removed using a safer method (electric clippers or hair removal cream c not a razor),,4 patients,al_scip-inf-6
697,10034.0,community hospital inc,805 friendship road,empty,empty,tallassee,al,36078.0,elmore,3342836541.0,acute care hospitals,voluntary non-profit - private,no,heart attack,ami-7a,heart attack patients given fibrinolytic medication within 30 minutes of arrival,empty,0 patients,al_ami-7a
698,10034.0,community hospital inc,805 friendship road,empty,empty,tallassee,al,36078.0,elmore,3342836541.0,acute care hospitals,voluntary non-profit - private,no,heart attack,ami-8a,heart attack patients given pci within 90 minutes of arrival,empty,0 patients,al_ami-8a
699,10034.0,community hospital inc,805 friendship road,empty,empty,tallassee,al,36078.0,elmore,3342836541.0,acute care hospitals,voluntary non-profit - private,no,heart failure,hf-1,heart failure patients given discharge instructions,88%,65 patients,al_hf-1
700,10034.0,community hospital inc,805 friendship road,,,tallassee,al,36078.0,elmore,3342836541.0,acute care hospitals,voluntary non-profit - private,no,surgical infection prevention,nan,surgery patients needing hair removed from the surgical area before surgery who had hair removed using a safer method (electric clippers or hair removal cream c not a razor),100%,87 patients,al_scip-inf-6
701,10034.0,community hospital inc,805 friendship road,empty,empty,tallassee,al,36078.0,elmore,3342836541.0,acute care hospitals,voluntary non-profit - private,no,heart failure,hf-3,heart failure patients given ace inhibitor or arb for left ventricular systolic dysfunction (lvsd),100%,,al_hf-3
702,10034.0,community hospital inc,805 friendship road,empty,empty,tallassee,al,36078.0,elmore,3342836541.0,acute care hospitals,voluntary non-profit - private,no,heart failure,hf-4,heart failure patients given smoking cessation advice/counseling,100%,9 patients,al_hf-4
703,10034.0,community hospital inc,805 friendship road,empty,empty,tallassee,al,36078.0,elmore,3342836541.0,acute care hospitals,voluntary non-profit - private,no,pneumonia,pn-2,pneumonia patients assessed and given pneumococcal vaccination,87%,70 patients,al_pn-2
704,10034.0,community hospital inc,805 friendship road,empty,empty,tallassee,al,36078.0,elmore,3342836541.0,acute care hospitals,voluntary non-profit - private,no,pneumonia,pn-3b,pneumonia patients whose initial emergency room blood culture was performed prior to the administration of the first hospital dose of antibiotics,95%,,al_pn-3b
705,10034.0,community hospital inc,805 friendship road,empty,empty,tallassee,al,36078.0,elmore,3342836541.0,acute care hospitals,voluntary non-profit - private,no,pneumonia,pn-4,pneumonia patients given smoking cessation advice/counseling,90%,41 patients,al_pn-4
706,10034.0,community hospital inc,805 friendship road,empty,empty,tallassee,al,36078.0,elmore,3342836541.0,acute care hospitals,voluntary non-profit - private,no,pneumonia,pn-5c,pneumonia patients given initial antibiotic(s) within 6 hours after arrival,97%,71 patients,al_pn-5c
707,10034.0,community hospital inc,805 friendship road,empty,empty,tallassee,al,36078.0,elmore,3342836541.0,acute care hospitals,voluntary non-profit - private,no,pneumonia,pn-6,pneumonia patients given the most appropriate initial antibiotic(s),96%,52 patients,al_pn-6
708,10034.0,community hospital inc,805 friendship road,empty,empty,tallassee,al,36078.0,elmore,3342836541.0,acute care hospitals,voluntary non-profit - private,no,pneumonia,pn-7,pneumonia patients assessed and given influenza vaccination,93%,56 patients,al_pn-7
709,10034.0,community hospital inc,805 friendship road,empty,empty,tallassee,al,36078.0,elmore,3342836541.0,acute care hospitals,voluntary non-profit - private,no,surgical infection prevention,scip-card-2,surgery patients who were taking heart drugs called beta blockers before coming to the hospital who were kept on the beta blockers during the period just before and after their surgery,100%,3 patients,al_scip-card-2
710,10034.0,community hospital inc,805 friendship road,empty,empty,tallassee,al,36078.0,elmore,3342836541.0,acute care hospitals,voluntary non-profit - private,no,surgical infection prevention,scip-inf-1,surgery patients who were given an antibiotic at the right time (within one hour before surgery) to help prevent infection,100%,10 patients,al_scip-inf-1
711,10034.0,community hospital inc,805 friendship road,empty,empty,tallassee,al,36078.0,elmore,3342836541.0,acute care hospitals,voluntary non-profit - private,no,surgical infection prevention,scip-inf-2,surgery patients who were given the  right kind  of antibiotic to help prevent infection,100%,10 patients,al_scip-inf-2
712,10034.0,community hospital inc,805 friendship road,empty,,tallassee,,36078.0,elmore,3342836541.0,acute care hospitals,voluntary non-profit - private,no,surgical infection prevention,scip-inf-3,surgery patients whose preventive antibiotics were stopped at the right time (within 24 hours after surgery),100%,9 patients,al_scip-inf-3
713,10034.0,community hospital inc,805 friendship road,empty,empty,tallassee,al,36078.0,elmore,3342836541.0,acute care hospitals,voluntary non-profit - private,no,surgical infection prevention,scip-inf-4,all heart surgery patients whose blood sugar (blood glucose) is kept under good control in the days right after surgery,empty,0 patients,al_scip-inf-4
714,nan,nan,1108 ross clark circle,empty,empty,anchorage,al,36302.0,elmore,3347938701.0,acute care hospitals,government - hospital district or authority,yes,surgical infection prevention,scip-inf-6,surgery patients needing hair removed from the surgical area before surgery who had hair removed using a safer method (electric clippers or hair removal cream c not a razor),100%,,al_scip-inf-6
715,10034.0,community hospital inc,805 friendship road,empty,empty,tallassee,al,36078.0,elmore,3342836541.0,acute care hospitals,voluntary non-profit - private,no,surgical infection prevention,scip-vte-1,surgery patients whose doctors ordered treatments to prevent blood clots after certain types of surgeries,88%,24 patients,al_scip-vte-1
716,10034.0,community hospital inc,805 friendship road,empty,empty,tallassee,al,36078.0,elmore,3342836541.0,acute care hospitals,voluntary non-profit - private,no,surgical infection prevention,scip-vte-2,patients who got treatment  at the right time (within 24 hours before or after their surgery) to help prevent blood clots after certain types of surgery,88%,24 patients,al_scip-vte-2
717,10035.0,cullman regional medical center,1912 alabama highway 157,empty,empty,cullman,al,35058.0,cullman,2567372000.0,acute care hospitals,government - hospital district or authority,yes,heart attack,ami-1,heart attack patients given aspirin at arrival,100%,51 patients,al_ami-1
718,10035.0,cullman regional medical center,1912 alabama highway 157,empty,empty,cullman,al,35058.0,cullman,2567372000.0,acute care hospitals,government - hospital district or authority,yes,heart attack,ami-2,heart attack patients given aspirin at discharge,100%,26 patients,al_ami-2
719,10035.0,cullman regional medical center,1912 alabama highway 157,empty,empty,cullman,al,35058.0,cullman,2567372000.0,acute care hospitals,government - hospital district or authority,yes,heart attack,ami-3,heart attack patients given ace inhibitor or arb for left ventricular systolic dysfunction (lvsd),67%,3 patients,al_ami-3
720,10035.0,cullman regional medical center,1912 alabama highway 157,empty,empty,cullman,al,35058.0,cullman,2567372000.0,acute care hospitals,government - hospital district or authority,yes,heart attack,ami-4,heart attack patients given smoking cessation advice/counseling,100%,3 patients,al_ami-4
721,10035.0,cullman regional medical center,1912 alabama highway 157,empty,empty,cullman,al,35058.0,,2567372000.0,,government - hospital district or authority,yes,heart attack,ami-5,heart attack patients given beta blocker at discharge,100%,23 patients,al_ami-5
722,10035.0,cullman regional medical center,1912 alabama highway 157,empty,empty,cullman,al,35058.0,cullman,2567372000.0,acute care hospitals,government - hospital district or authority,yes,heart attack,ami-7a,heart attack patients given fibrinolytic medication within 30 minutes of arrival,empty,0 patients,al_ami-7a
723,10035.0,cullman regional medical center,1912 alabama highway 157,empty,empty,cullman,al,35058.0,cullman,2567372000.0,acute care hospitals,government - hospital district or authority,yes,heart attack,ami-8a,heart attack patients given pci within 90 minutes of arrival,empty,0 patients,al_ami-8a
724,10035.0,cullman regional medical center,1912 alabama highway 157,empty,empty,cullman,al,35058.0,cullman,2567372000.0,acute care hospitals,government - hospital district or authority,yes,heart failure,hf-1,heart failure patients given discharge instructions,99%,158 patients,al_hf-1
725,10035.0,cullman regional medical center,1912 alabama highway 157,empty,empty,cullman,al,35058.0,cullman,2567372000.0,,government - hospital district or authority,yes,surgical infection prevention,nan,surgery patients needing hair removed from the surgical area before surgery who had hair removed using a safer method (electric clippers or hair removal cream c not a razor),100%,200 patients,al_scip-inf-6
726,10035.0,cullman regional medical center,1912 alabama highway 157,empty,empty,cullman,al,35058.0,cullman,2567372000.0,acute care hospitals,government - hospital district or authority,yes,heart failure,hf-3,heart failure patients given ace inhibitor or arb for left ventricular systolic dysfunction (lvsd),97%,37 patients,al_hf-3
727,10035.0,cullman regional medical center,1912 alabama highway 157,empty,empty,cullman,al,35058.0,cullman,2567372000.0,acute care hospitals,government - hospital district or authority,yes,heart failure,hf-4,heart failure patients given smoking cessation advice/counseling,100%,42 patients,al_hf-4
728,10035.0,cullman regional medical center,1912 alabama highway 157,empty,empty,cullman,al,35058.0,cullman,2567372000.0,acute care hospitals,government - hospital district or authority,yes,pneumonia,pn-2,pneumonia patients assessed and given pneumococcal vaccination,100%,155 patients,al_pn-2
729,10035.0,cullman regional medical center,1912 alabama highway 157,empty,empty,cullman,al,35058.0,cullman,2567372000.0,acute care hospitals,government - hospital district or authority,yes,pneumonia,pn-3b,pneumonia patients whose initial emergency room blood culture was performed prior to the administration of the first hospital dose of antibiotics,100%,138 patients,al_pn-3b
730,10035.0,cullman regional medical center,1912 alabama highway 157,empty,empty,cullman,al,35058.0,cullman,2567372000.0,acute care hospitals,government - hospital district or authority,yes,pneumonia,pn-4,pneumonia patients given smoking cessation advice/counseling,100%,90 patients,al_pn-4
731,nan,nan,1108 ross clark circle,empty,empty,anchorage,al,36302.0,cullman,3347938701.0,acute care hospitals,government - hospital district or authority,yes,pneumonia,pn-5c,pneumonia patients given initial antibiotic(s) within 6 hours after arrival,99%,160 patients,al_pn-5c
732,10035.0,cullman regional medical center,1912 alabama highway 157,empty,empty,cullman,al,35058.0,cullman,2567372000.0,acute care hospitals,government - hospital district or authority,yes,pneumonia,pn-6,pneumonia patients given the most appropriate initial antibiotic(s),98%,136 patients,al_pn-6
733,10035.0,cullman regional medical center,1912 alabama highway 157,empty,empty,cullman,al,35058.0,cullman,2567372000.0,acute care hospitals,government - hospital district or authority,yes,pneumonia,pn-7,pneumonia patients assessed and given influenza vaccination,98%,125 patients,al_pn-7
734,10035.0,cullman regional medical center,1912 alabama highway 157,empty,empty,cullman,al,35058.0,cullman,2567372000.0,acute care hospitals,government - hospital district or authority,yes,surgical infection prevention,scip-card-2,surgery patients who were taking heart drugs called beta blockers before coming to the hospital who were kept on the beta blockers during the period just before and after their surgery,99%,68 patients,al_scip-card-2
735,10035.0,cullman regional medical center,1912 alabama highway 157,empty,empty,cullman,al,35058.0,cullman,2567372000.0,acute care hospitals,government - hospital district or authority,yes,surgical infection prevention,scip-inf-1,surgery patients who were given an antibiotic at the right time (within one hour before surgery) to help prevent infection,99%,411 patients,al_scip-inf-1
736,10035.0,cullman regional medical center,1912 alabama highway 157,empty,empty,cullman,al,35058.0,cullman,2567372000.0,acute care hospitals,government - hospital district or authority,yes,surgical infection prevention,scip-inf-2,surgery patients who were given the  right kind  of antibiotic to help prevent infection,98%,417 patients,al_scip-inf-2
737,10035.0,cullman regional medical center,1912 alabama highway 157,,empty,cullman,al,35058.0,cullman,2567372000.0,acute care hospitals,government - hospital district or authority,yes,surgical infection prevention,scip-inf-3,surgery patients whose preventive antibiotics were stopped at the right time (within 24 hours after surgery),98%,405 patients,al_scip-inf-3
738,10035.0,cullman regional medical center,1912 alabama highway 157,empty,empty,cullman,al,35058.0,cullman,2567372000.0,acute care hospitals,government - hospital district or authority,yes,surgical infection prevention,scip-inf-4,all heart surgery patients whose blood sugar (blood glucose) is kept under good control in the days right after surgery,empty,0 patients,al_scip-inf-4
739,10035.0,cullman regional medical center,1912 alabama highway 157,empty,empty,cullman,al,35058.0,cullman,2567372000.0,acute care hospitals,government - hospital district or authority,yes,surgical infection prevention,scip-inf-6,surgery patients needing hair removed from the surgical area before surgery who had hair removed using a safer method (electric clippers or hair removal cream c not a razor),100%,598 patients,al_scip-inf-6
740,10035.0,cullman regional medical center,1912 alabama highway 157,empty,empty,cullman,al,35058.0,cullman,2567372000.0,acute care hospitals,government - hospital district or authority,yes,surgical infection prevention,scip-vte-1,surgery patients whose doctors ordered treatments to prevent blood clots after certain types of surgeries,95%,298 patients,al_scip-vte-1
741,10035.0,cullman regional medical center,1912 alabama highway 157,empty,empty,cullman,al,35058.0,cullman,2567372000.0,acute care hospitals,government - hospital district or authority,yes,surgical infection prevention,scip-vte-2,patients who got treatment  at the right time (within 24 hours before or after their surgery) to help prevent blood clots after certain types of surgery,95%,298 patients,al_scip-vte-2
742,10036.0,nan,1108 ross clark circle,empty,empty,anchorage,al,36302.0,covington,3347938701.0,acute care hospitals,government - hospital district or authority,yes,heart attack,ami-1,heart attack patients given aspirin at arrival,,8 patients,al_ami-1
743,10036.0,nan,1108 ross clark circle,empty,empty,anchorage,al,36302.0,covington,3347938701.0,acute care hospitals,government - hospital district or authority,yes,heart attack,ami-2,heart attack patients given aspirin at discharge,,5 patients,al_ami-2
744,10036.0,nan,1108 ross clark circle,empty,empty,anchorage,,36302.0,covington,3347938701.0,acute care hospitals,government - hospital district or authority,yes,surgical infection prevention,nan,surgery patients needing hair removed from the surgical area before surgery who had hair removed using a safer method (electric clippers or hair removal cream c not a razor),100%,3 patients,al_scip-inf-6
745,10036.0,nan,1108 ross clark circle,empty,empty,anchorage,al,36302.0,covington,3347938701.0,acute care hospitals,government - hospital district or authority,yes,heart attack,ami-4,heart attack patients given smoking cessation advice/counseling,empty,0 patients,al_ami-4
746,nan,nan,1108 ross clark circle,empty,empty,anchorage,al,36302.0,,3347938701.0,acute care hospitals,government - hospital district or authority,yes,heart attack,ami-5,heart attack patients given beta blocker at discharge,100%,6 patients,al_ami-5
747,10036.0,nan,1108 ross clark circle,empty,empty,anchorage,al,36302.0,,3347938701.0,acute care hospitals,government - hospital district or authority,yes,heart attack,ami-7a,heart attack patients given fibrinolytic medication within 30 minutes of arrival,empty,0 patients,al_ami-7a
748,10036.0,nan,1108 ross clark circle,empty,empty,anchorage,al,36302.0,covington,3347938701.0,acute care hospitals,government - hospital district or authority,yes,heart attack,ami-8a,heart attack patients given pci within 90 minutes of arrival,empty,0 patients,al_ami-8a
749,10036.0,nan,1108 ross clark circle,empty,empty,anchorage,al,36302.0,covington,3347938701.0,,government - hospital district or authority,yes,heart failure,hf-1,heart failure patients given discharge instructions,100%,121 patients,al_hf-1
750,10036.0,nan,1108 ross clark circle,empty,empty,anchorage,al,36302.0,covington,3347938701.0,acute care hospitals,government - hospital district or authority,yes,heart failure,hf-2,heart failure patients given an evaluation of left ventricular systolic (lvs) function,,139 patients,al_hf-2
751,10036.0,nan,1108 ross clark circle,empty,empty,anchorage,al,36302.0,covington,3347938701.0,acute care hospitals,government - hospital district or authority,yes,heart failure,hf-3,heart failure patients given ace inhibitor or arb for left ventricular systolic dysfunction (lvsd),86%,21 patients,al_hf-3
752,10036.0,nan,1108 ross clark circle,empty,empty,anchorage,al,36302.0,covington,3347938701.0,acute care hospitals,government - hospital district or authority,yes,heart failure,hf-4,heart failure patients given smoking cessation advice/counseling,100%,32 patients,al_hf-4
753,10036.0,nan,1108 ross clark circle,empty,empty,anchorage,al,36302.0,covington,3347938701.0,acute care hospitals,government - hospital district or authority,yes,pneumonia,pn-2,pneumonia patients assessed and given pneumococcal vaccination,100%,,al_pn-2
754,10036.0,nan,1108 ross clark circle,empty,,anchorage,,36302.0,covington,3347938701.0,acute care hospitals,government - hospital district or authority,yes,pneumonia,pn-3b,pneumonia patients whose initial emergency room blood culture was performed prior to the administration of the first hospital dose of antibiotics,89%,55 patients,al_pn-3b
755,10036.0,nan,1108 ross clark circle,empty,empty,anchorage,al,36302.0,,3347938701.0,acute care hospitals,government - hospital district or authority,yes,pneumonia,pn-4,pneumonia patients given smoking cessation advice/counseling,100%,,al_pn-4
756,10036.0,nan,1108 ross clark circle,empty,empty,anchorage,,36302.0,covington,3347938701.0,acute care hospitals,government - hospital district or authority,yes,pneumonia,pn-5c,pneumonia patients given initial antibiotic(s) within 6 hours after arrival,97%,93 patients,al_pn-5c
757,10036.0,nan,1108 ross clark circle,empty,empty,anchorage,al,36302.0,covington,3347938701.0,acute care hospitals,government - hospital district or authority,yes,pneumonia,pn-6,pneumonia patients given the most appropriate initial antibiotic(s),75%,,al_pn-6
758,10036.0,nan,1108 ross clark circle,empty,empty,anchorage,al,36302.0,covington,3347938701.0,acute care hospitals,government - hospital district or authority,yes,pneumonia,pn-7,pneumonia patients assessed and given influenza vaccination,92%,52 patients,al_pn-7
759,10036.0,nan,1108 ross clark circle,empty,,anchorage,al,36302.0,covington,3347938701.0,acute care hospitals,government - hospital district or authority,yes,surgical infection prevention,scip-card-2,surgery patients who were taking heart drugs called beta blockers before coming to the hospital who were kept on the beta blockers during the period just before and after their surgery,89%,19 patients,al_scip-card-2
760,10036.0,nan,1108 ross clark circle,empty,empty,anchorage,al,36302.0,covington,3347938701.0,acute care hospitals,government - hospital district or authority,yes,surgical infection prevention,scip-inf-1,surgery patients who were given an antibiotic at the right time (within one hour before surgery) to help prevent infection,97%,139 patients,al_scip-inf-1
761,10036.0,nan,1108 ross clark circle,empty,empty,anchorage,al,36302.0,covington,3347938701.0,acute care hospitals,government - hospital district or authority,yes,surgical infection prevention,scip-inf-2,surgery patients who were given the  right kind  of antibiotic to help prevent infection,88%,141 patients,al_scip-inf-2
762,10036.0,nan,1108 ross clark circle,empty,empty,anchorage,al,36302.0,,3347938701.0,acute care hospitals,government - hospital district or authority,yes,surgical infection prevention,scip-inf-3,surgery patients whose preventive antibiotics were stopped at the right time (within 24 hours after surgery),99%,136 patients,al_scip-inf-3
763,10036.0,nan,1108 ross clark circle,empty,empty,anchorage,al,36302.0,covington,3347938701.0,acute care hospitals,government - hospital district or authority,yes,surgical infection prevention,scip-inf-4,all heart surgery patients whose blood sugar (blood glucose) is kept under good control in the days right after surgery,empty,0 patients,al_scip-inf-4
764,10036.0,nan,1108 ross clark circle,empty,empty,anchorage,al,36302.0,covington,3347938701.0,acute care hospitals,government - hospital district or authority,yes,surgical infection prevention,scip-inf-6,surgery patients needing hair removed from the surgical area before surgery who had hair removed using a safer method (electric clippers or hair removal cream c not a razor),100%,204 patients,al_scip-inf-6
765,10036.0,nan,1108 ross clark circle,empty,empty,anchorage,al,36302.0,covington,3347938701.0,acute care hospitals,government - hospital district or authority,yes,surgical infection prevention,scip-vte-1,surgery patients whose doctors ordered treatments to prevent blood clots after certain types of surgeries,80%,66 patients,al_scip-vte-1
766,10036.0,nan,1108 ross clark circle,empty,empty,anchorage,al,36302.0,covington,3347938701.0,acute care hospitals,government - hospital district or authority,yes,surgical infection prevention,scip-vte-2,patients who got treatment  at the right time (within 24 hours before or after their surgery) to help prevent blood clots after certain types of surgery,80%,66 patients,al_scip-vte-2
767,10038.0,stringfellow memorial hospital,301 east 18th st,empty,empty,anniston,al,36201.0,calhoun,2562358900.0,acute care hospitals,proprietary,yes,children s asthma care,cac-1,children who received reliever medication while hospitalized for asthma,100%,9 patients,al_cac-1
768,10038.0,stringfellow memorial hospital,301 east 18th st,empty,empty,anniston,al,36201.0,calhoun,2562358900.0,acute care hospitals,proprietary,yes,surgical infection prevention,scip-inf-1,surgery patients who were given an antibiotic at the right time (within one hour before surgery) to help prevent infection,99%,96 patients,al_scip-inf-1
769,10038.0,stringfellow memorial hospital,301 east 18th st,empty,empty,anniston,al,36201.0,calhoun,2562358900.0,acute care hospitals,proprietary,yes,surgical infection prevention,scip-inf-2,surgery patients who were given the  right kind  of antibiotic to help prevent infection,93%,98 patients,al_scip-inf-2
770,10038.0,stringfellow memorial hospital,301 east 18th st,empty,empty,anniston,al,36201.0,calhoun,2562358900.0,acute care hospitals,proprietary,yes,surgical infection prevention,scip-inf-3,surgery patients whose preventive antibiotics were stopped at the right time (within 24 hours after surgery),93%,95 patients,al_scip-inf-3
771,10038.0,stringfellow memorial hospital,301 east 18th st,empty,empty,anniston,al,36201.0,calhoun,2562358900.0,acute care hospitals,proprietary,yes,surgical infection prevention,scip-inf-4,all heart surgery patients whose blood sugar (blood glucose) is kept under good control in the days right after surgery,empty,0 patients,al_scip-inf-4
772,10038.0,stringfellow memorial hospital,301 east 18th st,empty,empty,anniston,al,36201.0,calhoun,2562358900.0,acute care hospitals,proprietary,yes,surgical infection prevention,scip-inf-6,surgery patients needing hair removed from the surgical area before surgery who had hair removed using a safer method (electric clippers or hair removal cream c not a razor),100%,195 patients,al_scip-inf-6
773,10038.0,stringfellow memorial hospital,301 east 18th st,empty,empty,anniston,,36201.0,calhoun,2562358900.0,acute care hospitals,proprietary,yes,surgical infection prevention,scip-vte-1,surgery patients whose doctors ordered treatments to prevent blood clots after certain types of surgeries,90%,117 patients,al_scip-vte-1
774,10038.0,stringfellow memorial hospital,301 east 18th st,empty,empty,anniston,al,36201.0,calhoun,2562358900.0,acute care hospitals,proprietary,yes,surgical infection prevention,nan,surgery patients needing hair removed from the surgical area before surgery who had hair removed using a safer method (electric clippers or hair removal cream c not a razor),89%,116 patients,al_scip-inf-6
775,10039.0,huntsville hospital,101 sivley rd,empty,empty,huntsville,al,35801.0,madison,2562651000.0,,government - hospital district or authority,yes,children s asthma care,cac-1,children who received reliever medication while hospitalized for asthma,100%,193 patients,al_cac-1
776,10039.0,huntsville hospital,101 sivley rd,empty,empty,huntsville,al,35801.0,madison,2562651000.0,,government - hospital district or authority,yes,children s asthma care,cac-2,children who received systemic corticosteroid medication (oral and iv medication that reduces inflammation and controls symptoms) while hospitalized for asthma,98%,193 patients,al_cac-2
777,10039.0,huntsville hospital,101 sivley rd,empty,empty,huntsville,al,35801.0,madison,2562651000.0,acute care hospitals,government - hospital district or authority,yes,children s asthma care,cac-3,children and their caregivers who received a home management plan of care document while hospitalized for asthma,14%,193 patients,al_cac-3
778,10039.0,huntsville hospital,101 sivley rd,empty,empty,huntsville,al,35801.0,madison,2562651000.0,acute care hospitals,government - hospital district or authority,yes,heart attack,ami-1,heart attack patients given aspirin at arrival,98%,155 patients,al_ami-1
779,10039.0,huntsville hospital,101 sivley rd,empty,empty,huntsville,al,35801.0,madison,2562651000.0,acute care hospitals,government - hospital district or authority,yes,heart attack,ami-2,heart attack patients given aspirin at discharge,100%,323 patients,al_ami-2
780,10039.0,huntsville hospital,101 sivley rd,empty,empty,huntsville,al,35801.0,madison,2562651000.0,acute care hospitals,government - hospital district or authority,yes,heart attack,ami-3,heart attack patients given ace inhibitor or arb for left ventricular systolic dysfunction (lvsd),97%,77 patients,al_ami-3
781,10039.0,huntsville hospital,101 sivley rd,empty,empty,huntsville,al,35801.0,madison,2562651000.0,acute care hospitals,government - hospital district or authority,yes,heart attack,ami-4,heart attack patients given smoking cessation advice/counseling,,135 patients,al_ami-4
782,10039.0,huntsville hospital,101 sivley rd,empty,empty,huntsville,al,35801.0,madison,2562651000.0,acute care hospitals,government - hospital district or authority,yes,heart attack,ami-5,heart attack patients given beta blocker at discharge,100%,301 patients,al_ami-5
783,10039.0,huntsville hospital,101 sivley rd,empty,empty,huntsville,al,35801.0,madison,2562651000.0,acute care hospitals,government - hospital district or authority,yes,heart attack,ami-7a,heart attack patients given fibrinolytic medication within 30 minutes of arrival,,0 patients,al_ami-7a
784,10039.0,huntsville hospital,101 sivley rd,empty,empty,huntsville,al,35801.0,madison,2562651000.0,acute care hospitals,government - hospital district or authority,yes,heart attack,ami-8a,heart attack patients given pci within 90 minutes of arrival,82%,44 patients,al_ami-8a
785,10039.0,huntsville hospital,101 sivley rd,empty,empty,huntsville,al,35801.0,madison,2562651000.0,acute care hospitals,government - hospital district or authority,yes,heart failure,hf-1,heart failure patients given discharge instructions,72%,264 patients,al_hf-1
786,10039.0,huntsville hospital,101 sivley rd,empty,empty,huntsville,al,35801.0,madison,2562651000.0,acute care hospitals,government - hospital district or authority,yes,heart failure,hf-2,heart failure patients given an evaluation of left ventricular systolic (lvs) function,95%,303 patients,al_hf-2
787,10039.0,huntsville hospital,101 sivley rd,empty,empty,huntsville,al,35801.0,madison,2562651000.0,acute care hospitals,government - hospital district or authority,yes,heart failure,hf-3,heart failure patients given ace inhibitor or arb for left ventricular systolic dysfunction (lvsd),98%,102 patients,al_hf-3
788,10039.0,huntsville hospital,101 sivley rd,empty,empty,huntsville,al,35801.0,madison,2562651000.0,,government - hospital district or authority,yes,heart failure,hf-4,heart failure patients given smoking cessation advice/counseling,100%,51 patients,al_hf-4
789,10039.0,huntsville hospital,101 sivley rd,empty,empty,huntsville,al,35801.0,madison,2562651000.0,acute care hospitals,government - hospital district or authority,yes,pneumonia,pn-2,pneumonia patients assessed and given pneumococcal vaccination,96%,509 patients,al_pn-2
790,10039.0,huntsville hospital,101 sivley rd,empty,empty,huntsville,al,35801.0,madison,2562651000.0,acute care hospitals,government - hospital district or authority,yes,surgical infection prevention,nan,surgery patients needing hair removed from the surgical area before surgery who had hair removed using a safer method (electric clippers or hair removal cream c not a razor),99%,496 patients,al_scip-inf-6
791,nan,nan,1108 ross clark circle,empty,empty,anchorage,al,36302.0,madison,3347938701.0,acute care hospitals,government - hospital district or authority,yes,pneumonia,pn-4,pneumonia patients given smoking cessation advice/counseling,97%,294 patients,al_pn-4
792,10039.0,huntsville hospital,101 sivley rd,empty,empty,huntsville,al,35801.0,madison,2562651000.0,acute care hospitals,government - hospital district or authority,yes,pneumonia,pn-5c,pneumonia patients given initial antibiotic(s) within 6 hours after arrival,93%,511 patients,al_pn-5c
793,10039.0,huntsville hospital,101 sivley rd,empty,empty,huntsville,al,35801.0,madison,2562651000.0,acute care hospitals,government - hospital district or authority,yes,pneumonia,pn-6,pneumonia patients given the most appropriate initial antibiotic(s),89%,313 patients,al_pn-6
794,10039.0,huntsville hospital,101 sivley rd,empty,empty,huntsville,al,35801.0,madison,2562651000.0,acute care hospitals,government - hospital district or authority,yes,pneumonia,pn-7,pneumonia patients assessed and given influenza vaccination,89%,,al_pn-7
795,nan,nan,1108 ross clark circle,empty,empty,anchorage,al,36302.0,madison,3347938701.0,acute care hospitals,government - hospital district or authority,yes,surgical infection prevention,scip-card-2,surgery patients who were taking heart drugs called beta blockers before coming to the hospital who were kept on the beta blockers during the period just before and after their surgery,90%,,al_scip-card-2
796,10039.0,huntsville hospital,101 sivley rd,,empty,huntsville,al,35801.0,madison,2562651000.0,acute care hospitals,government - hospital district or authority,yes,surgical infection prevention,scip-inf-1,surgery patients who were given an antibiotic at the right time (within one hour before surgery) to help prevent infection,95%,601 patients,al_scip-inf-1
797,10039.0,huntsville hospital,101 sivley rd,empty,empty,huntsville,al,35801.0,madison,2562651000.0,acute care hospitals,government - hospital district or authority,yes,surgical infection prevention,scip-inf-2,surgery patients who were given the  right kind  of antibiotic to help prevent infection,99%,603 patients,al_scip-inf-2
798,10039.0,huntsville hospital,101 sivley rd,empty,empty,huntsville,,35801.0,madison,2562651000.0,acute care hospitals,government - hospital district or authority,yes,surgical infection prevention,scip-inf-3,surgery patients whose preventive antibiotics were stopped at the right time (within 24 hours after surgery),,561 patients,al_scip-inf-3
799,10039.0,huntsville hospital,101 sivley rd,empty,empty,huntsville,al,35801.0,madison,2562651000.0,acute care hospitals,government - hospital district or authority,yes,surgical infection prevention,scip-inf-4,all heart surgery patients whose blood sugar (blood glucose) is kept under good control in the days right after surgery,95%,149 patients,al_scip-inf-4
800,10039.0,huntsville hospital,101 sivley rd,empty,empty,huntsville,al,35801.0,madison,2562651000.0,acute care hospitals,government - hospital district or authority,yes,surgical infection prevention,scip-inf-6,surgery patients needing hair removed from the surgical area before surgery who had hair removed using a safer method (electric clippers or hair removal cream c not a razor),99%,852 patients,al_scip-inf-6
801,10039.0,huntsville hospital,101 sivley rd,empty,empty,huntsville,,35801.0,madison,2562651000.0,acute care hospitals,government - hospital district or authority,yes,surgical infection prevention,scip-vte-1,surgery patients whose doctors ordered treatments to prevent blood clots after certain types of surgeries,93%,269 patients,al_scip-vte-1
802,nan,nan,1108 ross clark circle,empty,empty,anchorage,al,36302.0,madison,3347938701.0,acute care hospitals,government - hospital district or authority,yes,surgical infection prevention,scip-vte-2,patients who got treatment  at the right time (within 24 hours before or after their surgery) to help prevent blood clots after certain types of surgery,90%,269 patients,al_scip-vte-2
803,10040.0,gadsden regional medical center,1007 goodyear avenue,empty,empty,gadsden,al,35903.0,etowah,2564944000.0,acute care hospitals,proprietary,yes,surgical infection prevention,nan,surgery patients needing hair removed from the surgical area before surgery who had hair removed using a safer method (electric clippers or hair removal cream c not a razor),94%,123 patients,al_scip-inf-6
804,10040.0,gadsden regional medical center,1007 goodyear avenue,empty,empty,gadsden,al,35903.0,etowah,2564944000.0,acute care hospitals,proprietary,yes,heart attack,ami-2,heart attack patients given aspirin at discharge,99%,134 patients,al_ami-2
805,10040.0,gadsden regional medical center,1007 goodyear avenue,empty,empty,gadsden,al,35903.0,etowah,2564944000.0,acute care hospitals,proprietary,yes,heart attack,ami-3,heart attack patients given ace inhibitor or arb for left ventricular systolic dysfunction (lvsd),89%,18 patients,al_ami-3
806,10040.0,gadsden regional medical center,1007 goodyear avenue,empty,empty,gadsden,al,35903.0,etowah,2564944000.0,acute care hospitals,proprietary,yes,heart attack,ami-4,heart attack patients given smoking cessation advice/counseling,100%,79 patients,al_ami-4
807,10040.0,gadsden regional medical center,1007 goodyear avenue,empty,empty,gadsden,al,35903.0,etowah,2564944000.0,acute care hospitals,proprietary,yes,heart attack,ami-5,heart attack patients given beta blocker at discharge,95%,117 patients,al_ami-5
808,10040.0,gadsden regional medical center,1007 goodyear avenue,empty,empty,gadsden,al,35903.0,etowah,2564944000.0,acute care hospitals,proprietary,yes,heart attack,ami-7a,heart attack patients given fibrinolytic medication within 30 minutes of arrival,68%,25 patients,al_ami-7a
809,10040.0,gadsden regional medical center,1007 goodyear avenue,empty,empty,gadsden,,35903.0,etowah,2564944000.0,,proprietary,yes,heart attack,ami-8a,heart attack patients given pci within 90 minutes of arrival,83%,12 patients,al_ami-8a
810,10040.0,gadsden regional medical center,1007 goodyear avenue,empty,empty,gadsden,al,35903.0,etowah,2564944000.0,,proprietary,yes,heart failure,hf-1,heart failure patients given discharge instructions,47%,211 patients,al_hf-1
811,10040.0,gadsden regional medical center,1007 goodyear avenue,empty,empty,gadsden,al,35903.0,etowah,2564944000.0,acute care hospitals,proprietary,yes,heart failure,hf-2,heart failure patients given an evaluation of left ventricular systolic (lvs) function,100%,259 patients,al_hf-2
812,10040.0,gadsden regional medical center,1007 goodyear avenue,empty,empty,gadsden,al,35903.0,etowah,2564944000.0,acute care hospitals,proprietary,yes,heart failure,hf-3,heart failure patients given ace inhibitor or arb for left ventricular systolic dysfunction (lvsd),93%,69 patients,al_hf-3
813,10040.0,gadsden regional medical center,1007 goodyear avenue,empty,empty,gadsden,al,35903.0,etowah,2564944000.0,acute care hospitals,proprietary,yes,heart failure,hf-4,heart failure patients given smoking cessation advice/counseling,100%,70 patients,al_hf-4
814,10040.0,gadsden regional medical center,1007 goodyear avenue,empty,,gadsden,al,35903.0,etowah,2564944000.0,acute care hospitals,proprietary,yes,pneumonia,pn-2,pneumonia patients assessed and given pneumococcal vaccination,96%,,al_pn-2
815,10040.0,gadsden regional medical center,1007 goodyear avenue,empty,empty,gadsden,al,35903.0,etowah,2564944000.0,acute care hospitals,proprietary,yes,pneumonia,pn-3b,pneumonia patients whose initial emergency room blood culture was performed prior to the administration of the first hospital dose of antibiotics,96%,187 patients,al_pn-3b
816,10040.0,gadsden regional medical center,1007 goodyear avenue,empty,empty,gadsden,al,35903.0,etowah,2564944000.0,acute care hospitals,proprietary,yes,pneumonia,pn-4,pneumonia patients given smoking cessation advice/counseling,100%,130 patients,al_pn-4
817,10040.0,gadsden regional medical center,1007 goodyear avenue,empty,empty,gadsden,al,35903.0,etowah,2564944000.0,acute care hospitals,proprietary,yes,pneumonia,pn-5c,pneumonia patients given initial antibiotic(s) within 6 hours after arrival,94%,266 patients,al_pn-5c
818,10040.0,gadsden regional medical center,1007 goodyear avenue,empty,empty,gadsden,al,35903.0,etowah,2564944000.0,acute care hospitals,proprietary,yes,pneumonia,pn-6,pneumonia patients given the most appropriate initial antibiotic(s),89%,,al_pn-6
819,10040.0,gadsden regional medical center,1007 goodyear avenue,empty,empty,gadsden,al,35903.0,etowah,2564944000.0,acute care hospitals,proprietary,yes,pneumonia,pn-7,pneumonia patients assessed and given influenza vaccination,,187 patients,al_pn-7
820,10040.0,gadsden regional medical center,1007 goodyear avenue,empty,empty,gadsden,al,35903.0,etowah,2564944000.0,acute care hospitals,proprietary,yes,surgical infection prevention,scip-card-2,surgery patients who were taking heart drugs called beta blockers before coming to the hospital who were kept on the beta blockers during the period just before and after their surgery,91%,109 patients,al_scip-card-2
821,10040.0,gadsden regional medical center,1007 goodyear avenue,empty,empty,gadsden,al,35903.0,etowah,2564944000.0,acute care hospitals,proprietary,yes,surgical infection prevention,scip-inf-1,surgery patients who were given an antibiotic at the right time (within one hour before surgery) to help prevent infection,98%,557 patients,al_scip-inf-1
822,10040.0,gadsden regional medical center,1007 goodyear avenue,empty,empty,gadsden,al,35903.0,etowah,2564944000.0,acute care hospitals,proprietary,yes,surgical infection prevention,scip-inf-2,surgery patients who were given the  right kind  of antibiotic to help prevent infection,97%,564 patients,al_scip-inf-2
823,10040.0,gadsden regional medical center,1007 goodyear avenue,empty,empty,gadsden,al,35903.0,etowah,2564944000.0,acute care hospitals,proprietary,yes,surgical infection prevention,scip-inf-3,surgery patients whose preventive antibiotics were stopped at the right time (within 24 hours after surgery),90%,520 patients,al_scip-inf-3
824,10040.0,gadsden regional medical center,1007 goodyear avenue,empty,empty,gadsden,al,35903.0,etowah,2564944000.0,acute care hospitals,proprietary,yes,surgical infection prevention,scip-inf-4,all heart surgery patients whose blood sugar (blood glucose) is kept under good control in the days right after surgery,94%,186 patients,al_scip-inf-4
825,10040.0,gadsden regional medical center,1007 goodyear avenue,empty,empty,gadsden,al,35903.0,etowah,2564944000.0,acute care hospitals,proprietary,yes,surgical infection prevention,scip-inf-6,surgery patients needing hair removed from the surgical area before surgery who had hair removed using a safer method (electric clippers or hair removal cream c not a razor),100%,854 patients,al_scip-inf-6
826,10040.0,gadsden regional medical center,1007 goodyear avenue,empty,empty,gadsden,al,35903.0,etowah,2564944000.0,acute care hospitals,proprietary,yes,surgical infection prevention,nan,surgery patients needing hair removed from the surgical area before surgery who had hair removed using a safer method (electric clippers or hair removal cream c not a razor),95%,315 patients,al_scip-inf-6
827,10040.0,gadsden regional medical center,1007 goodyear avenue,empty,empty,gadsden,al,35903.0,etowah,2564944000.0,acute care hospitals,proprietary,yes,surgical infection prevention,scip-vte-2,patients who got treatment  at the right time (within 24 hours before or after their surgery) to help prevent blood clots after certain types of surgery,87%,315 patients,al_scip-vte-2
828,10043.0,chilton medical center,1010 lay dam road,,empty,clanton,al,35045.0,chilton,2057552500.0,acute care hospitals,voluntary non-profit - private,yes,heart attack,ami-1,heart attack patients given aspirin at arrival,100%,1 patients,al_ami-1
829,10043.0,chilton medical center,1010 lay dam road,empty,empty,clanton,al,35045.0,chilton,2057552500.0,acute care hospitals,voluntary non-profit - private,yes,heart attack,ami-2,heart attack patients given aspirin at discharge,100%,,al_ami-2
830,10043.0,chilton medical center,1010 lay dam road,empty,empty,clanton,al,35045.0,chilton,2057552500.0,acute care hospitals,voluntary non-profit - private,yes,heart attack,ami-3,heart attack patients given ace inhibitor or arb for left ventricular systolic dysfunction (lvsd),100%,1 patients,al_ami-3
831,10043.0,chilton medical center,1010 lay dam road,empty,empty,clanton,al,35045.0,chilton,2057552500.0,acute care hospitals,voluntary non-profit - private,yes,heart attack,ami-4,heart attack patients given smoking cessation advice/counseling,empty,0 patients,al_ami-4
832,10043.0,chilton medical center,1010 lay dam road,empty,empty,clanton,,35045.0,chilton,2057552500.0,acute care hospitals,voluntary non-profit - private,yes,heart attack,ami-5,heart attack patients given beta blocker at discharge,,1 patients,al_ami-5
833,10043.0,chilton medical center,1010 lay dam road,empty,empty,clanton,al,35045.0,chilton,2057552500.0,acute care hospitals,voluntary non-profit - private,yes,heart attack,ami-7a,heart attack patients given fibrinolytic medication within 30 minutes of arrival,empty,0 patients,al_ami-7a
834,10043.0,chilton medical center,1010 lay dam road,empty,empty,clanton,al,35045.0,chilton,2057552500.0,acute care hospitals,voluntary non-profit - private,yes,heart attack,ami-8a,heart attack patients given pci within 90 minutes of arrival,empty,0 patients,al_ami-8a
835,10043.0,chilton medical center,1010 lay dam road,empty,empty,clanton,al,35045.0,chilton,2057552500.0,acute care hospitals,voluntary non-profit - private,yes,heart failure,hf-1,heart failure patients given discharge instructions,84%,19 patients,al_hf-1
836,10043.0,chilton medical center,1010 lay dam road,empty,empty,clanton,,35045.0,chilton,2057552500.0,acute care hospitals,voluntary non-profit - private,yes,heart failure,hf-2,heart failure patients given an evaluation of left ventricular systolic (lvs) function,89%,28 patients,al_hf-2
837,10043.0,chilton medical center,1010 lay dam road,empty,empty,clanton,al,35045.0,chilton,2057552500.0,acute care hospitals,voluntary non-profit - private,yes,heart failure,hf-3,heart failure patients given ace inhibitor or arb for left ventricular systolic dysfunction (lvsd),75%,,al_hf-3
838,10043.0,chilton medical center,1010 lay dam road,empty,empty,clanton,al,35045.0,chilton,2057552500.0,acute care hospitals,voluntary non-profit - private,yes,heart failure,hf-4,heart failure patients given smoking cessation advice/counseling,100%,4 patients,al_hf-4
839,10043.0,chilton medical center,1010 lay dam road,empty,empty,clanton,,35045.0,chilton,2057552500.0,acute care hospitals,voluntary non-profit - private,yes,pneumonia,pn-2,pneumonia patients assessed and given pneumococcal vaccination,89%,47 patients,al_pn-2
840,10043.0,chilton medical center,1010 lay dam road,empty,empty,clanton,al,35045.0,chilton,2057552500.0,acute care hospitals,voluntary non-profit - private,yes,pneumonia,pn-3b,pneumonia patients whose initial emergency room blood culture was performed prior to the administration of the first hospital dose of antibiotics,92%,36 patients,al_pn-3b
841,10043.0,chilton medical center,1010 lay dam road,empty,empty,clanton,al,35045.0,chilton,2057552500.0,acute care hospitals,voluntary non-profit - private,yes,pneumonia,pn-4,pneumonia patients given smoking cessation advice/counseling,94%,16 patients,al_pn-4
842,10043.0,chilton medical center,1010 lay dam road,empty,empty,clanton,al,35045.0,chilton,2057552500.0,acute care hospitals,voluntary non-profit - private,yes,pneumonia,pn-5c,pneumonia patients given initial antibiotic(s) within 6 hours after arrival,98%,44 patients,al_pn-5c
843,10043.0,chilton medical center,1010 lay dam road,empty,empty,clanton,al,35045.0,chilton,2057552500.0,,voluntary non-profit - private,yes,pneumonia,pn-6,pneumonia patients given the most appropriate initial antibiotic(s),95%,38 patients,al_pn-6
844,10043.0,chilton medical center,1010 lay dam road,empty,empty,clanton,al,35045.0,chilton,2057552500.0,acute care hospitals,voluntary non-profit - private,yes,pneumonia,pn-7,pneumonia patients assessed and given influenza vaccination,81%,37 patients,al_pn-7
845,10043.0,chilton medical center,1010 lay dam road,empty,empty,clanton,al,35045.0,chilton,2057552500.0,acute care hospitals,voluntary non-profit - private,yes,surgical infection prevention,scip-card-2,surgery patients who were taking heart drugs called beta blockers before coming to the hospital who were kept on the beta blockers during the period just before and after their surgery,50%,2 patients,al_scip-card-2
846,nan,nan,1108 ross clark circle,empty,,anchorage,al,36302.0,chilton,3347938701.0,acute care hospitals,government - hospital district or authority,yes,surgical infection prevention,scip-inf-1,surgery patients who were given an antibiotic at the right time (within one hour before surgery) to help prevent infection,100%,4 patients,al_scip-inf-1
847,10043.0,chilton medical center,1010 lay dam road,empty,empty,clanton,al,35045.0,chilton,2057552500.0,acute care hospitals,voluntary non-profit - private,yes,surgical infection prevention,scip-inf-2,surgery patients who were given the  right kind  of antibiotic to help prevent infection,100%,4 patients,al_scip-inf-2
848,10043.0,chilton medical center,1010 lay dam road,empty,empty,clanton,al,35045.0,chilton,2057552500.0,acute care hospitals,voluntary non-profit - private,yes,surgical infection prevention,scip-inf-3,surgery patients whose preventive antibiotics were stopped at the right time (within 24 hours after surgery),100%,4 patients,al_scip-inf-3
849,10043.0,chilton medical center,1010 lay dam road,empty,empty,clanton,al,35045.0,chilton,2057552500.0,acute care hospitals,voluntary non-profit - private,yes,surgical infection prevention,scip-inf-4,all heart surgery patients whose blood sugar (blood glucose) is kept under good control in the days right after surgery,empty,0 patients,al_scip-inf-4
850,10043.0,chilton medical center,1010 lay dam road,empty,empty,clanton,al,35045.0,chilton,2057552500.0,acute care hospitals,voluntary non-profit - private,yes,surgical infection prevention,scip-inf-6,surgery patients needing hair removed from the surgical area before surgery who had hair removed using a safer method (electric clippers or hair removal cream c not a razor),100%,5 patients,al_scip-inf-6
851,10043.0,chilton medical center,1010 lay dam road,empty,empty,clanton,al,35045.0,chilton,2057552500.0,acute care hospitals,voluntary non-profit - private,yes,surgical infection prevention,scip-vte-1,surgery patients whose doctors ordered treatments to prevent blood clots after certain types of surgeries,empty,0 patients,al_scip-vte-1
852,nan,nan,1108 ross clark circle,empty,empty,anchorage,al,36302.0,chilton,3347938701.0,acute care hospitals,government - hospital district or authority,yes,surgical infection prevention,scip-vte-2,patients who got treatment  at the right time (within 24 hours before or after their surgery) to help prevent blood clots after certain types of surgery,empty,0 patients,al_scip-vte-2
853,10044.0,marion regional medical center,1256 military street south,empty,empty,hamilton,al,35570.0,marion,2059216200.0,acute care hospitals,voluntary non-profit - private,yes,heart attack,ami-1,heart attack patients given aspirin at arrival,67%,3 patients,al_ami-1
854,10044.0,marion regional medical center,1256 military street south,empty,empty,hamilton,al,35570.0,marion,2059216200.0,acute care hospitals,voluntary non-profit - private,yes,heart attack,ami-2,heart attack patients given aspirin at discharge,67%,3 patients,al_ami-2
855,10044.0,marion regional medical center,1256 military street south,empty,empty,hamilton,al,35570.0,marion,2059216200.0,acute care hospitals,voluntary non-profit - private,yes,heart attack,ami-3,heart attack patients given ace inhibitor or arb for left ventricular systolic dysfunction (lvsd),100%,1 patients,al_ami-3
856,10044.0,marion regional medical center,1256 military street south,empty,empty,hamilton,al,35570.0,marion,2059216200.0,acute care hospitals,voluntary non-profit - private,yes,heart attack,ami-4,heart attack patients given smoking cessation advice/counseling,empty,0 patients,al_ami-4
857,10044.0,marion regional medical center,1256 military street south,empty,empty,hamilton,al,35570.0,marion,2059216200.0,acute care hospitals,voluntary non-profit - private,yes,heart attack,ami-5,heart attack patients given beta blocker at discharge,33%,3 patients,al_ami-5
858,10044.0,marion regional medical center,1256 military street south,empty,empty,hamilton,al,35570.0,marion,2059216200.0,acute care hospitals,voluntary non-profit - private,yes,heart attack,ami-7a,heart attack patients given fibrinolytic medication within 30 minutes of arrival,empty,0 patients,al_ami-7a
859,10044.0,marion regional medical center,1256 military street south,empty,empty,hamilton,al,35570.0,marion,2059216200.0,acute care hospitals,voluntary non-profit - private,yes,heart attack,ami-8a,heart attack patients given pci within 90 minutes of arrival,empty,0 patients,al_ami-8a
860,10044.0,marion regional medical center,1256 military street south,empty,empty,hamilton,al,35570.0,marion,2059216200.0,acute care hospitals,voluntary non-profit - private,yes,heart failure,hf-1,heart failure patients given discharge instructions,74%,38 patients,al_hf-1
861,10044.0,marion regional medical center,1256 military street south,empty,empty,hamilton,al,35570.0,marion,2059216200.0,acute care hospitals,voluntary non-profit - private,yes,heart failure,hf-2,heart failure patients given an evaluation of left ventricular systolic (lvs) function,80%,46 patients,al_hf-2
862,10044.0,marion regional medical center,1256 military street south,,empty,hamilton,al,35570.0,marion,2059216200.0,acute care hospitals,voluntary non-profit - private,yes,heart failure,hf-3,heart failure patients given ace inhibitor or arb for left ventricular systolic dysfunction (lvsd),78%,18 patients,al_hf-3
863,10044.0,marion regional medical center,1256 military street south,empty,empty,hamilton,al,35570.0,marion,2059216200.0,acute care hospitals,voluntary non-profit - private,yes,heart failure,hf-4,heart failure patients given smoking cessation advice/counseling,80%,10 patients,al_hf-4
864,10044.0,marion regional medical center,1256 military street south,empty,empty,hamilton,al,35570.0,marion,2059216200.0,acute care hospitals,voluntary non-profit - private,yes,pneumonia,pn-2,pneumonia patients assessed and given pneumococcal vaccination,96%,101 patients,al_pn-2
865,10044.0,marion regional medical center,1256 military street south,empty,empty,hamilton,al,35570.0,marion,2059216200.0,acute care hospitals,voluntary non-profit - private,yes,pneumonia,pn-3b,pneumonia patients whose initial emergency room blood culture was performed prior to the administration of the first hospital dose of antibiotics,99%,78 patients,al_pn-3b
866,10044.0,marion regional medical center,1256 military street south,empty,,hamilton,al,35570.0,marion,2059216200.0,acute care hospitals,voluntary non-profit - private,yes,pneumonia,pn-4,pneumonia patients given smoking cessation advice/counseling,90%,42 patients,al_pn-4
867,10044.0,marion regional medical center,1256 military street south,empty,empty,hamilton,al,35570.0,marion,2059216200.0,acute care hospitals,voluntary non-profit - private,yes,pneumonia,pn-5c,pneumonia patients given initial antibiotic(s) within 6 hours after arrival,98%,121 patients,al_pn-5c
868,10044.0,marion regional medical center,1256 military street south,empty,empty,hamilton,al,35570.0,marion,2059216200.0,acute care hospitals,voluntary non-profit - private,yes,pneumonia,pn-6,pneumonia patients given the most appropriate initial antibiotic(s),76%,97 patients,al_pn-6
869,10044.0,marion regional medical center,1256 military street south,empty,empty,hamilton,al,35570.0,marion,2059216200.0,acute care hospitals,voluntary non-profit - private,yes,pneumonia,pn-7,pneumonia patients assessed and given influenza vaccination,,85 patients,al_pn-7
870,10044.0,marion regional medical center,1256 military street south,empty,empty,hamilton,al,35570.0,marion,2059216200.0,acute care hospitals,voluntary non-profit - private,yes,surgical infection prevention,scip-card-2,surgery patients who were taking heart drugs called beta blockers before coming to the hospital who were kept on the beta blockers during the period just before and after their surgery,67%,3 patients,al_scip-card-2
871,10044.0,marion regional medical center,1256 military street south,empty,empty,hamilton,al,35570.0,marion,2059216200.0,acute care hospitals,voluntary non-profit - private,yes,surgical infection prevention,scip-inf-1,surgery patients who were given an antibiotic at the right time (within one hour before surgery) to help prevent infection,80%,15 patients,al_scip-inf-1
872,10044.0,marion regional medical center,1256 military street south,empty,empty,hamilton,al,35570.0,marion,2059216200.0,,voluntary non-profit - private,yes,surgical infection prevention,scip-inf-2,surgery patients who were given the  right kind  of antibiotic to help prevent infection,87%,15 patients,al_scip-inf-2
873,10044.0,marion regional medical center,1256 military street south,empty,empty,hamilton,al,35570.0,marion,2059216200.0,acute care hospitals,voluntary non-profit - private,yes,surgical infection prevention,scip-inf-3,surgery patients whose preventive antibiotics were stopped at the right time (within 24 hours after surgery),87%,15 patients,al_scip-inf-3
874,10044.0,marion regional medical center,1256 military street south,empty,empty,hamilton,,35570.0,marion,2059216200.0,acute care hospitals,voluntary non-profit - private,yes,surgical infection prevention,scip-inf-4,all heart surgery patients whose blood sugar (blood glucose) is kept under good control in the days right after surgery,empty,0 patients,al_scip-inf-4
875,10044.0,marion regional medical center,1256 military street south,empty,empty,hamilton,al,35570.0,marion,2059216200.0,acute care hospitals,voluntary non-profit - private,yes,surgical infection prevention,scip-inf-6,surgery patients needing hair removed from the surgical area before surgery who had hair removed using a safer method (electric clippers or hair removal cream c not a razor),100%,,al_scip-inf-6
876,10044.0,marion regional medical center,1256 military street south,empty,empty,hamilton,al,35570.0,marion,2059216200.0,acute care hospitals,voluntary non-profit - private,yes,surgical infection prevention,scip-vte-1,surgery patients whose doctors ordered treatments to prevent blood clots after certain types of surgeries,100%,4 patients,al_scip-vte-1
877,10044.0,marion regional medical center,1256 military street south,empty,empty,hamilton,al,35570.0,marion,2059216200.0,acute care hospitals,voluntary non-profit - private,yes,surgical infection prevention,scip-vte-2,patients who got treatment  at the right time (within 24 hours before or after their surgery) to help prevent blood clots after certain types of surgery,100%,4 patients,al_scip-vte-2
878,10045.0,fayette medical center,1653 temple avenue north,empty,empty,fayette,al,35555.0,fayette,2059325966.0,acute care hospitals,voluntary non-profit - other,yes,heart attack,ami-1,heart attack patients given aspirin at arrival,100%,18 patients,al_ami-1
879,10045.0,fayette medical center,1653 temple avenue north,empty,empty,fayette,,35555.0,fayette,2059325966.0,acute care hospitals,voluntary non-profit - other,yes,heart attack,ami-2,heart attack patients given aspirin at discharge,100%,12 patients,al_ami-2
880,10045.0,fayette medical center,1653 temple avenue north,empty,empty,fayette,al,35555.0,fayette,2059325966.0,acute care hospitals,voluntary non-profit - other,yes,heart attack,ami-3,heart attack patients given ace inhibitor or arb for left ventricular systolic dysfunction (lvsd),0%,1 patients,al_ami-3
881,10045.0,fayette medical center,1653 temple avenue north,empty,empty,fayette,,35555.0,fayette,2059325966.0,acute care hospitals,voluntary non-profit - other,yes,heart attack,ami-4,heart attack patients given smoking cessation advice/counseling,100%,1 patients,al_ami-4
882,10045.0,fayette medical center,1653 temple avenue north,empty,empty,fayette,al,35555.0,fayette,2059325966.0,acute care hospitals,voluntary non-profit - other,yes,heart attack,ami-5,heart attack patients given beta blocker at discharge,82%,11 patients,al_ami-5
883,10045.0,fayette medical center,1653 temple avenue north,empty,empty,fayette,al,35555.0,fayette,2059325966.0,acute care hospitals,voluntary non-profit - other,yes,heart attack,ami-7a,heart attack patients given fibrinolytic medication within 30 minutes of arrival,empty,0 patients,al_ami-7a
884,10045.0,fayette medical center,1653 temple avenue north,empty,empty,fayette,al,35555.0,fayette,2059325966.0,acute care hospitals,voluntary non-profit - other,yes,heart attack,ami-8a,heart attack patients given pci within 90 minutes of arrival,empty,0 patients,al_ami-8a
885,10045.0,fayette medical center,1653 temple avenue north,empty,empty,fayette,al,35555.0,fayette,2059325966.0,acute care hospitals,voluntary non-profit - other,yes,heart failure,hf-1,heart failure patients given discharge instructions,87%,67 patients,al_hf-1
886,nan,nan,1108 ross clark circle,empty,empty,anchorage,al,36302.0,fayette,3347938701.0,acute care hospitals,government - hospital district or authority,yes,heart failure,hf-2,heart failure patients given an evaluation of left ventricular systolic (lvs) function,94%,85 patients,al_hf-2
887,10045.0,fayette medical center,1653 temple avenue north,empty,empty,fayette,al,35555.0,fayette,2059325966.0,acute care hospitals,voluntary non-profit - other,yes,heart failure,hf-3,heart failure patients given ace inhibitor or arb for left ventricular systolic dysfunction (lvsd),89%,19 patients,al_hf-3
888,10045.0,fayette medical center,1653 temple avenue north,empty,empty,fayette,al,35555.0,fayette,2059325966.0,acute care hospitals,voluntary non-profit - other,yes,heart failure,hf-4,heart failure patients given smoking cessation advice/counseling,100%,16 patients,al_hf-4
889,10045.0,fayette medical center,1653 temple avenue north,empty,empty,fayette,al,35555.0,fayette,2059325966.0,acute care hospitals,voluntary non-profit - other,yes,pneumonia,pn-2,pneumonia patients assessed and given pneumococcal vaccination,85%,117 patients,al_pn-2
890,10045.0,fayette medical center,1653 temple avenue north,empty,empty,fayette,al,35555.0,fayette,2059325966.0,acute care hospitals,voluntary non-profit - other,yes,pneumonia,pn-3b,pneumonia patients whose initial emergency room blood culture was performed prior to the administration of the first hospital dose of antibiotics,100%,41 patients,al_pn-3b
891,10045.0,fayette medical center,1653 temple avenue north,empty,empty,fayette,al,35555.0,fayette,2059325966.0,acute care hospitals,voluntary non-profit - other,yes,pneumonia,pn-4,pneumonia patients given smoking cessation advice/counseling,100%,34 patients,al_pn-4
892,10045.0,fayette medical center,1653 temple avenue north,empty,empty,fayette,al,35555.0,fayette,2059325966.0,acute care hospitals,voluntary non-profit - other,yes,pneumonia,pn-5c,pneumonia patients given initial antibiotic(s) within 6 hours after arrival,97%,109 patients,al_pn-5c
893,10045.0,fayette medical center,1653 temple avenue north,empty,empty,fayette,al,35555.0,fayette,2059325966.0,acute care hospitals,voluntary non-profit - other,yes,pneumonia,pn-6,pneumonia patients given the most appropriate initial antibiotic(s),87%,79 patients,al_pn-6
894,10045.0,fayette medical center,1653 temple avenue north,empty,empty,fayette,,35555.0,fayette,2059325966.0,acute care hospitals,voluntary non-profit - other,yes,pneumonia,pn-7,pneumonia patients assessed and given influenza vaccination,87%,86 patients,al_pn-7
895,10045.0,fayette medical center,1653 temple avenue north,empty,empty,fayette,al,35555.0,fayette,2059325966.0,,voluntary non-profit - other,yes,surgical infection prevention,scip-card-2,surgery patients who were taking heart drugs called beta blockers before coming to the hospital who were kept on the beta blockers during the period just before and after their surgery,empty,0 patients,al_scip-card-2
896,10045.0,fayette medical center,1653 temple avenue north,empty,empty,fayette,al,35555.0,fayette,2059325966.0,acute care hospitals,voluntary non-profit - other,yes,surgical infection prevention,scip-inf-1,surgery patients who were given an antibiotic at the right time (within one hour before surgery) to help prevent infection,empty,0 patients,al_scip-inf-1
897,10045.0,fayette medical center,1653 temple avenue north,empty,empty,fayette,al,35555.0,fayette,2059325966.0,acute care hospitals,voluntary non-profit - other,yes,surgical infection prevention,scip-inf-2,surgery patients who were given the  right kind  of antibiotic to help prevent infection,empty,0 patients,al_scip-inf-2
898,10045.0,fayette medical center,1653 temple avenue north,empty,empty,fayette,al,35555.0,fayette,2059325966.0,acute care hospitals,voluntary non-profit - other,yes,surgical infection prevention,scip-inf-3,surgery patients whose preventive antibiotics were stopped at the right time (within 24 hours after surgery),empty,0 patients,al_scip-inf-3
899,10045.0,fayette medical center,1653 temple avenue north,empty,empty,fayette,al,35555.0,,2059325966.0,acute care hospitals,voluntary non-profit - other,yes,surgical infection prevention,scip-inf-4,all heart surgery patients whose blood sugar (blood glucose) is kept under good control in the days right after surgery,empty,0 patients,al_scip-inf-4
900,10045.0,fayette medical center,1653 temple avenue north,empty,empty,fayette,al,35555.0,fayette,2059325966.0,acute care hospitals,voluntary non-profit - other,yes,surgical infection prevention,nan,surgery patients needing hair removed from the surgical area before surgery who had hair removed using a safer method (electric clippers or hair removal cream c not a razor),100%,7 patients,al_scip-inf-6
901,10045.0,fayette medical center,1653 temple avenue north,empty,empty,fayette,al,35555.0,,2059325966.0,acute care hospitals,voluntary non-profit - other,yes,surgical infection prevention,scip-vte-1,surgery patients whose doctors ordered treatments to prevent blood clots after certain types of surgeries,100%,3 patients,al_scip-vte-1
902,10045.0,fayette medical center,1653 temple avenue north,empty,empty,fayette,al,35555.0,fayette,2059325966.0,acute care hospitals,voluntary non-profit - other,yes,surgical infection prevention,scip-vte-2,patients who got treatment  at the right time (within 24 hours before or after their surgery) to help prevent blood clots after certain types of surgery,100%,3 patients,al_scip-vte-2
903,10046.0,riverview regional medical center,600 south third street,empty,empty,gadsden,al,35901.0,etowah,2565435200.0,acute care hospitals,proprietary,yes,children s asthma care,cac-1,children who received reliever medication while hospitalized for asthma,100%,,al_cac-1
904,10046.0,riverview regional medical center,600 south third street,empty,empty,gadsden,al,35901.0,etowah,2565435200.0,acute care hospitals,proprietary,yes,children s asthma care,cac-2,children who received systemic corticosteroid medication (oral and iv medication that reduces inflammation and controls symptoms) while hospitalized for asthma,100%,,al_cac-2
905,10046.0,riverview regional medical center,600 south third street,empty,empty,gadsden,al,35901.0,etowah,2565435200.0,,proprietary,yes,surgical infection prevention,nan,surgery patients needing hair removed from the surgical area before surgery who had hair removed using a safer method (electric clippers or hair removal cream c not a razor),100%,4 patients,al_scip-inf-6
906,10046.0,riverview regional medical center,600 south third street,empty,empty,gadsden,al,35901.0,etowah,2565435200.0,,proprietary,yes,heart attack,ami-1,heart attack patients given aspirin at arrival,100%,126 patients,al_ami-1
907,10046.0,riverview regional medical center,600 south third street,,empty,gadsden,al,35901.0,etowah,2565435200.0,acute care hospitals,proprietary,yes,heart attack,ami-2,heart attack patients given aspirin at discharge,100%,145 patients,al_ami-2
908,10046.0,riverview regional medical center,600 south third street,empty,empty,gadsden,al,35901.0,etowah,2565435200.0,acute care hospitals,proprietary,yes,heart attack,ami-3,heart attack patients given ace inhibitor or arb for left ventricular systolic dysfunction (lvsd),100%,25 patients,al_ami-3
909,nan,nan,1108 ross clark circle,empty,empty,anchorage,al,36302.0,etowah,3347938701.0,acute care hospitals,government - hospital district or authority,yes,heart attack,ami-4,heart attack patients given smoking cessation advice/counseling,100%,68 patients,al_ami-4
910,10046.0,riverview regional medical center,600 south third street,empty,empty,gadsden,al,35901.0,etowah,2565435200.0,acute care hospitals,proprietary,yes,heart attack,ami-5,heart attack patients given beta blocker at discharge,100%,125 patients,al_ami-5
911,10046.0,riverview regional medical center,600 south third street,empty,empty,gadsden,al,35901.0,etowah,2565435200.0,acute care hospitals,proprietary,yes,heart attack,ami-7a,heart attack patients given fibrinolytic medication within 30 minutes of arrival,88%,8 patients,al_ami-7a
912,10046.0,riverview regional medical center,600 south third street,empty,empty,gadsden,al,35901.0,etowah,2565435200.0,acute care hospitals,proprietary,yes,heart attack,ami-8a,heart attack patients given pci within 90 minutes of arrival,100%,16 patients,al_ami-8a
913,10046.0,riverview regional medical center,600 south third street,empty,,gadsden,al,35901.0,etowah,2565435200.0,acute care hospitals,proprietary,yes,heart failure,hf-1,heart failure patients given discharge instructions,100%,268 patients,al_hf-1
914,nan,nan,1108 ross clark circle,empty,empty,anchorage,al,36302.0,etowah,3347938701.0,acute care hospitals,government - hospital district or authority,yes,heart failure,hf-2,heart failure patients given an evaluation of left ventricular systolic (lvs) function,100%,350 patients,al_hf-2
915,10046.0,riverview regional medical center,600 south third street,empty,,gadsden,al,35901.0,etowah,2565435200.0,acute care hospitals,proprietary,yes,heart failure,hf-3,heart failure patients given ace inhibitor or arb for left ventricular systolic dysfunction (lvsd),100%,90 patients,al_hf-3
916,10046.0,riverview regional medical center,600 south third street,,empty,gadsden,al,35901.0,etowah,2565435200.0,acute care hospitals,proprietary,yes,heart failure,hf-4,heart failure patients given smoking cessation advice/counseling,100%,85 patients,al_hf-4
917,10046.0,riverview regional medical center,600 south third street,empty,empty,gadsden,al,35901.0,etowah,2565435200.0,acute care hospitals,proprietary,yes,surgical infection prevention,nan,surgery patients needing hair removed from the surgical area before surgery who had hair removed using a safer method (electric clippers or hair removal cream c not a razor),,239 patients,al_scip-inf-6
918,10046.0,riverview regional medical center,600 south third street,empty,empty,gadsden,al,35901.0,etowah,2565435200.0,acute care hospitals,proprietary,yes,pneumonia,pn-3b,pneumonia patients whose initial emergency room blood culture was performed prior to the administration of the first hospital dose of antibiotics,97%,196 patients,al_pn-3b
919,10046.0,riverview regional medical center,600 south third street,empty,empty,gadsden,al,35901.0,etowah,2565435200.0,acute care hospitals,proprietary,yes,pneumonia,pn-4,pneumonia patients given smoking cessation advice/counseling,100%,109 patients,al_pn-4
920,10046.0,riverview regional medical center,600 south third street,empty,empty,gadsden,al,35901.0,etowah,2565435200.0,acute care hospitals,proprietary,yes,pneumonia,pn-5c,pneumonia patients given initial antibiotic(s) within 6 hours after arrival,87%,261 patients,al_pn-5c
921,10046.0,riverview regional medical center,600 south third street,empty,empty,gadsden,al,35901.0,etowah,2565435200.0,acute care hospitals,proprietary,yes,pneumonia,pn-6,pneumonia patients given the most appropriate initial antibiotic(s),76%,212 patients,al_pn-6
922,10046.0,riverview regional medical center,600 south third street,empty,,gadsden,al,35901.0,etowah,2565435200.0,acute care hospitals,proprietary,yes,pneumonia,pn-7,pneumonia patients assessed and given influenza vaccination,99%,178 patients,al_pn-7
923,10046.0,riverview regional medical center,600 south third street,empty,empty,gadsden,al,35901.0,etowah,2565435200.0,acute care hospitals,proprietary,yes,surgical infection prevention,scip-card-2,surgery patients who were taking heart drugs called beta blockers before coming to the hospital who were kept on the beta blockers during the period just before and after their surgery,95%,107 patients,al_scip-card-2
924,10046.0,riverview regional medical center,600 south third street,empty,empty,gadsden,al,35901.0,etowah,2565435200.0,acute care hospitals,proprietary,yes,surgical infection prevention,scip-inf-1,surgery patients who were given an antibiotic at the right time (within one hour before surgery) to help prevent infection,95%,402 patients,al_scip-inf-1
925,10046.0,riverview regional medical center,600 south third street,empty,empty,gadsden,al,35901.0,etowah,2565435200.0,acute care hospitals,proprietary,yes,surgical infection prevention,scip-inf-2,surgery patients who were given the  right kind  of antibiotic to help prevent infection,95%,404 patients,al_scip-inf-2
926,10046.0,riverview regional medical center,600 south third street,empty,empty,gadsden,al,35901.0,etowah,2565435200.0,acute care hospitals,proprietary,yes,surgical infection prevention,scip-inf-3,surgery patients whose preventive antibiotics were stopped at the right time (within 24 hours after surgery),,352 patients,al_scip-inf-3
927,10046.0,riverview regional medical center,600 south third street,empty,empty,gadsden,al,35901.0,etowah,2565435200.0,acute care hospitals,proprietary,yes,surgical infection prevention,scip-inf-4,all heart surgery patients whose blood sugar (blood glucose) is kept under good control in the days right after surgery,76%,114 patients,al_scip-inf-4
928,nan,nan,1108 ross clark circle,empty,empty,anchorage,al,36302.0,etowah,3347938701.0,acute care hospitals,government - hospital district or authority,yes,surgical infection prevention,scip-inf-6,surgery patients needing hair removed from the surgical area before surgery who had hair removed using a safer method (electric clippers or hair removal cream c not a razor),100%,607 patients,al_scip-inf-6
929,10046.0,riverview regional medical center,600 south third street,empty,empty,gadsden,al,35901.0,etowah,2565435200.0,acute care hospitals,proprietary,yes,surgical infection prevention,scip-vte-1,surgery patients whose doctors ordered treatments to prevent blood clots after certain types of surgeries,91%,280 patients,al_scip-vte-1
930,10046.0,riverview regional medical center,600 south third street,,empty,gadsden,al,35901.0,etowah,2565435200.0,acute care hospitals,proprietary,yes,surgical infection prevention,scip-vte-2,patients who got treatment  at the right time (within 24 hours before or after their surgery) to help prevent blood clots after certain types of surgery,,280 patients,al_scip-vte-2
931,10047.0,georgiana hospital,515 miranda st,empty,empty,georgiana,al,36033.0,butler,3343762205.0,acute care hospitals,voluntary non-profit - private,no,surgical infection prevention,nan,surgery patients needing hair removed from the surgical area before surgery who had hair removed using a safer method (electric clippers or hair removal cream c not a razor),53%,19 patients,al_scip-inf-6
932,10047.0,georgiana hospital,515 miranda st,empty,empty,georgiana,al,36033.0,butler,3343762205.0,acute care hospitals,voluntary non-profit - private,no,heart attack,ami-2,heart attack patients given aspirin at discharge,50%,16 patients,al_ami-2
933,10047.0,georgiana hospital,515 miranda st,empty,empty,georgiana,al,36033.0,butler,3343762205.0,acute care hospitals,voluntary non-profit - private,no,heart attack,ami-3,heart attack patients given ace inhibitor or arb for left ventricular systolic dysfunction (lvsd),100%,1 patients,al_ami-3
934,nan,nan,1108 ross clark circle,empty,empty,anchorage,al,36302.0,butler,3347938701.0,acute care hospitals,government - hospital district or authority,yes,heart attack,ami-4,heart attack patients given smoking cessation advice/counseling,33%,,al_ami-4
935,10047.0,georgiana hospital,515 miranda st,empty,empty,georgiana,al,36033.0,butler,3343762205.0,acute care hospitals,voluntary non-profit - private,no,heart attack,ami-5,heart attack patients given beta blocker at discharge,60%,15 patients,al_ami-5
936,10047.0,georgiana hospital,515 miranda st,empty,empty,georgiana,al,36033.0,butler,3343762205.0,acute care hospitals,voluntary non-profit - private,no,heart attack,ami-7a,heart attack patients given fibrinolytic medication within 30 minutes of arrival,empty,0 patients,al_ami-7a
937,10047.0,georgiana hospital,515 miranda st,empty,empty,georgiana,al,36033.0,butler,3343762205.0,acute care hospitals,voluntary non-profit - private,no,heart attack,ami-8a,heart attack patients given pci within 90 minutes of arrival,empty,,al_ami-8a
938,10047.0,georgiana hospital,515 miranda st,empty,empty,georgiana,al,36033.0,butler,3343762205.0,acute care hospitals,voluntary non-profit - private,no,heart failure,hf-1,heart failure patients given discharge instructions,53%,51 patients,al_hf-1
939,10047.0,georgiana hospital,515 miranda st,empty,empty,georgiana,al,36033.0,butler,3343762205.0,acute care hospitals,voluntary non-profit - private,no,heart failure,hf-2,heart failure patients given an evaluation of left ventricular systolic (lvs) function,63%,59 patients,al_hf-2
940,10047.0,georgiana hospital,515 miranda st,empty,empty,georgiana,al,36033.0,butler,3343762205.0,acute care hospitals,voluntary non-profit - private,no,heart failure,hf-3,heart failure patients given ace inhibitor or arb for left ventricular systolic dysfunction (lvsd),67%,6 patients,al_hf-3
941,10047.0,georgiana hospital,515 miranda st,empty,empty,georgiana,al,36033.0,butler,3343762205.0,acute care hospitals,voluntary non-profit - private,no,heart failure,hf-4,heart failure patients given smoking cessation advice/counseling,75%,8 patients,al_hf-4
942,10047.0,georgiana hospital,515 miranda st,empty,empty,georgiana,al,36033.0,butler,3343762205.0,acute care hospitals,voluntary non-profit - private,no,pneumonia,pn-2,pneumonia patients assessed and given pneumococcal vaccination,90%,39 patients,al_pn-2
943,10047.0,georgiana hospital,515 miranda st,empty,empty,georgiana,al,36033.0,butler,3343762205.0,acute care hospitals,voluntary non-profit - private,no,pneumonia,pn-3b,pneumonia patients whose initial emergency room blood culture was performed prior to the administration of the first hospital dose of antibiotics,50%,2 patients,al_pn-3b
944,10047.0,georgiana hospital,515 miranda st,empty,empty,georgiana,al,36033.0,butler,3343762205.0,acute care hospitals,voluntary non-profit - private,no,pneumonia,pn-4,pneumonia patients given smoking cessation advice/counseling,80%,5 patients,al_pn-4
945,nan,nan,1108 ross clark circle,empty,empty,anchorage,al,36302.0,butler,3347938701.0,,government - hospital district or authority,yes,pneumonia,pn-5c,pneumonia patients given initial antibiotic(s) within 6 hours after arrival,97%,36 patients,al_pn-5c
946,10047.0,georgiana hospital,515 miranda st,empty,empty,georgiana,al,36033.0,butler,3343762205.0,acute care hospitals,voluntary non-profit - private,no,pneumonia,pn-6,pneumonia patients given the most appropriate initial antibiotic(s),,30 patients,al_pn-6
947,10047.0,georgiana hospital,515 miranda st,empty,empty,georgiana,al,36033.0,butler,3343762205.0,acute care hospitals,voluntary non-profit - private,no,pneumonia,pn-7,pneumonia patients assessed and given influenza vaccination,65%,31 patients,al_pn-7
948,10047.0,georgiana hospital,515 miranda st,empty,empty,georgiana,al,36033.0,butler,3343762205.0,acute care hospitals,voluntary non-profit - private,no,surgical infection prevention,scip-card-2,surgery patients who were taking heart drugs called beta blockers before coming to the hospital who were kept on the beta blockers during the period just before and after their surgery,empty,empty,al_scip-card-2
949,10047.0,georgiana hospital,515 miranda st,empty,empty,georgiana,al,36033.0,butler,3343762205.0,acute care hospitals,voluntary non-profit - private,no,surgical infection prevention,nan,surgery patients needing hair removed from the surgical area before surgery who had hair removed using a safer method (electric clippers or hair removal cream c not a razor),empty,,al_scip-inf-6
950,10047.0,georgiana hospital,515 miranda st,empty,empty,georgiana,al,36033.0,butler,3343762205.0,acute care hospitals,voluntary non-profit - private,no,surgical infection prevention,scip-inf-2,surgery patients who were given the  right kind  of antibiotic to help prevent infection,empty,empty,al_scip-inf-2
951,10047.0,georgiana hospital,515 miranda st,empty,empty,georgiana,al,36033.0,butler,3343762205.0,acute care hospitals,voluntary non-profit - private,no,surgical infection prevention,scip-inf-3,surgery patients whose preventive antibiotics were stopped at the right time (within 24 hours after surgery),empty,empty,al_scip-inf-3
952,10047.0,georgiana hospital,515 miranda st,empty,empty,georgiana,al,36033.0,butler,3343762205.0,,voluntary non-profit - private,no,surgical infection prevention,scip-inf-4,all heart surgery patients whose blood sugar (blood glucose) is kept under good control in the days right after surgery,empty,empty,al_scip-inf-4
953,10047.0,georgiana hospital,515 miranda st,,empty,georgiana,al,36033.0,butler,3343762205.0,acute care hospitals,voluntary non-profit - private,no,surgical infection prevention,scip-inf-6,surgery patients needing hair removed from the surgical area before surgery who had hair removed using a safer method (electric clippers or hair removal cream c not a razor),empty,empty,al_scip-inf-6
954,10047.0,georgiana hospital,515 miranda st,empty,empty,georgiana,al,36033.0,butler,3343762205.0,acute care hospitals,voluntary non-profit - private,no,surgical infection prevention,scip-vte-1,surgery patients whose doctors ordered treatments to prevent blood clots after certain types of surgeries,empty,empty,al_scip-vte-1
955,10047.0,georgiana hospital,515 miranda st,empty,empty,georgiana,al,36033.0,butler,3343762205.0,acute care hospitals,voluntary non-profit - private,no,surgical infection prevention,scip-vte-2,patients who got treatment  at the right time (within 24 hours before or after their surgery) to help prevent blood clots after certain types of surgery,empty,empty,al_scip-vte-2
956,10049.0,medical center enterprise,400 n edwards street,,empty,enterprise,al,36330.0,coffee,3343470584.0,acute care hospitals,proprietary,yes,heart attack,ami-1,heart attack patients given aspirin at arrival,100%,4 patients,al_ami-1
957,10049.0,medical center enterprise,400 n edwards street,empty,empty,enterprise,al,36330.0,coffee,3343470584.0,acute care hospitals,proprietary,yes,heart attack,ami-2,heart attack patients given aspirin at discharge,100%,1 patients,al_ami-2
958,10049.0,medical center enterprise,400 n edwards street,empty,empty,enterprise,al,36330.0,coffee,3343470584.0,acute care hospitals,proprietary,yes,heart attack,ami-3,heart attack patients given ace inhibitor or arb for left ventricular systolic dysfunction (lvsd),empty,0 patients,al_ami-3
959,10049.0,medical center enterprise,400 n edwards street,empty,empty,enterprise,al,36330.0,coffee,3343470584.0,acute care hospitals,proprietary,yes,heart attack,ami-4,heart attack patients given smoking cessation advice/counseling,,0 patients,al_ami-4
960,10049.0,medical center enterprise,400 n edwards street,empty,empty,enterprise,al,36330.0,coffee,3343470584.0,acute care hospitals,proprietary,yes,heart attack,ami-5,heart attack patients given beta blocker at discharge,100%,2 patients,al_ami-5
961,10049.0,medical center enterprise,400 n edwards street,empty,empty,enterprise,al,36330.0,coffee,3343470584.0,acute care hospitals,proprietary,yes,surgical infection prevention,nan,surgery patients needing hair removed from the surgical area before surgery who had hair removed using a safer method (electric clippers or hair removal cream c not a razor),empty,0 patients,al_scip-inf-6
962,10049.0,medical center enterprise,400 n edwards street,empty,empty,enterprise,al,36330.0,coffee,3343470584.0,acute care hospitals,proprietary,yes,heart attack,ami-8a,heart attack patients given pci within 90 minutes of arrival,empty,0 patients,al_ami-8a
963,nan,nan,1108 ross clark circle,empty,empty,anchorage,al,36302.0,coffee,3347938701.0,acute care hospitals,government - hospital district or authority,yes,heart failure,hf-1,heart failure patients given discharge instructions,96%,70 patients,al_hf-1
964,10049.0,medical center enterprise,400 n edwards street,,empty,enterprise,al,36330.0,coffee,3343470584.0,acute care hospitals,proprietary,yes,heart failure,hf-2,heart failure patients given an evaluation of left ventricular systolic (lvs) function,99%,82 patients,al_hf-2
965,10049.0,medical center enterprise,400 n edwards street,empty,empty,enterprise,al,36330.0,coffee,3343470584.0,acute care hospitals,proprietary,yes,heart failure,hf-3,heart failure patients given ace inhibitor or arb for left ventricular systolic dysfunction (lvsd),100%,34 patients,al_hf-3
966,10049.0,medical center enterprise,400 n edwards street,empty,empty,enterprise,al,36330.0,coffee,3343470584.0,acute care hospitals,proprietary,yes,heart failure,hf-4,heart failure patients given smoking cessation advice/counseling,100%,15 patients,al_hf-4
967,10049.0,medical center enterprise,400 n edwards street,empty,empty,enterprise,al,36330.0,coffee,3343470584.0,acute care hospitals,proprietary,yes,pneumonia,pn-2,pneumonia patients assessed and given pneumococcal vaccination,100%,72 patients,al_pn-2
968,10049.0,medical center enterprise,400 n edwards street,empty,empty,enterprise,al,36330.0,coffee,3343470584.0,acute care hospitals,proprietary,yes,pneumonia,pn-3b,pneumonia patients whose initial emergency room blood culture was performed prior to the administration of the first hospital dose of antibiotics,98%,49 patients,al_pn-3b
969,10049.0,medical center enterprise,400 n edwards street,empty,empty,enterprise,al,36330.0,coffee,3343470584.0,acute care hospitals,proprietary,yes,pneumonia,pn-4,pneumonia patients given smoking cessation advice/counseling,100%,24 patients,al_pn-4
970,10049.0,medical center enterprise,400 n edwards street,empty,empty,enterprise,al,36330.0,coffee,3343470584.0,acute care hospitals,proprietary,yes,pneumonia,pn-5c,pneumonia patients given initial antibiotic(s) within 6 hours after arrival,99%,85 patients,al_pn-5c
971,10049.0,medical center enterprise,400 n edwards street,empty,empty,enterprise,al,36330.0,coffee,3343470584.0,acute care hospitals,proprietary,yes,surgical infection prevention,nan,surgery patients needing hair removed from the surgical area before surgery who had hair removed using a safer method (electric clippers or hair removal cream c not a razor),99%,67 patients,al_scip-inf-6
972,10049.0,medical center enterprise,400 n edwards street,empty,empty,enterprise,al,36330.0,coffee,3343470584.0,acute care hospitals,proprietary,yes,pneumonia,pn-7,pneumonia patients assessed and given influenza vaccination,100%,37 patients,al_pn-7
973,nan,nan,1108 ross clark circle,empty,empty,anchorage,al,36302.0,coffee,3347938701.0,acute care hospitals,government - hospital district or authority,yes,surgical infection prevention,scip-card-2,surgery patients who were taking heart drugs called beta blockers before coming to the hospital who were kept on the beta blockers during the period just before and after their surgery,100%,27 patients,al_scip-card-2
974,10049.0,medical center enterprise,400 n edwards street,empty,empty,enterprise,al,36330.0,coffee,3343470584.0,acute care hospitals,proprietary,yes,surgical infection prevention,scip-inf-1,surgery patients who were given an antibiotic at the right time (within one hour before surgery) to help prevent infection,99%,397 patients,al_scip-inf-1
975,10049.0,medical center enterprise,400 n edwards street,empty,empty,enterprise,al,36330.0,coffee,3343470584.0,acute care hospitals,proprietary,yes,surgical infection prevention,scip-inf-2,surgery patients who were given the  right kind  of antibiotic to help prevent infection,100%,399 patients,al_scip-inf-2
976,10049.0,medical center enterprise,400 n edwards street,,empty,enterprise,al,36330.0,coffee,3343470584.0,,proprietary,yes,surgical infection prevention,scip-inf-3,surgery patients whose preventive antibiotics were stopped at the right time (within 24 hours after surgery),,391 patients,al_scip-inf-3
977,10049.0,medical center enterprise,400 n edwards street,empty,empty,enterprise,al,36330.0,coffee,3343470584.0,acute care hospitals,proprietary,yes,surgical infection prevention,scip-inf-4,all heart surgery patients whose blood sugar (blood glucose) is kept under good control in the days right after surgery,empty,0 patients,al_scip-inf-4
978,10049.0,medical center enterprise,400 n edwards street,empty,empty,enterprise,al,36330.0,coffee,3343470584.0,acute care hospitals,proprietary,yes,surgical infection prevention,scip-inf-6,surgery patients needing hair removed from the surgical area before surgery who had hair removed using a safer method (electric clippers or hair removal cream c not a razor),100%,485 patients,al_scip-inf-6
979,10049.0,medical center enterprise,400 n edwards street,empty,empty,enterprise,al,36330.0,coffee,3343470584.0,acute care hospitals,proprietary,yes,surgical infection prevention,scip-vte-1,surgery patients whose doctors ordered treatments to prevent blood clots after certain types of surgeries,100%,196 patients,al_scip-vte-1
980,10049.0,medical center enterprise,400 n edwards street,empty,empty,enterprise,al,36330.0,coffee,3343470584.0,acute care hospitals,proprietary,yes,surgical infection prevention,scip-vte-2,patients who got treatment  at the right time (within 24 hours before or after their surgery) to help prevent blood clots after certain types of surgery,100%,196 patients,al_scip-vte-2
981,10050.0,st vincents blount,150 gilbreath drive,empty,empty,oneonta,al,35121.0,blount,2052743000.0,acute care hospitals,voluntary non-profit - private,yes,heart attack,ami-1,heart attack patients given aspirin at arrival,100%,7 patients,al_ami-1
982,10050.0,st vincents blount,150 gilbreath drive,empty,empty,oneonta,al,35121.0,blount,2052743000.0,acute care hospitals,voluntary non-profit - private,yes,heart attack,ami-2,heart attack patients given aspirin at discharge,100%,2 patients,al_ami-2
983,10050.0,st vincents blount,150 gilbreath drive,empty,empty,oneonta,al,35121.0,blount,2052743000.0,acute care hospitals,voluntary non-profit - private,yes,surgical infection prevention,nan,surgery patients needing hair removed from the surgical area before surgery who had hair removed using a safer method (electric clippers or hair removal cream c not a razor),100%,2 patients,al_scip-inf-6
984,nan,nan,1108 ross clark circle,empty,empty,anchorage,al,36302.0,blount,3347938701.0,acute care hospitals,government - hospital district or authority,yes,heart attack,ami-4,heart attack patients given smoking cessation advice/counseling,empty,0 patients,al_ami-4
985,10050.0,st vincents blount,150 gilbreath drive,empty,empty,oneonta,al,35121.0,blount,2052743000.0,acute care hospitals,voluntary non-profit - private,yes,heart attack,ami-5,heart attack patients given beta blocker at discharge,100%,3 patients,al_ami-5
986,10050.0,st vincents blount,150 gilbreath drive,empty,empty,oneonta,al,35121.0,blount,2052743000.0,acute care hospitals,voluntary non-profit - private,yes,heart attack,ami-7a,heart attack patients given fibrinolytic medication within 30 minutes of arrival,empty,0 patients,al_ami-7a
987,nan,nan,1108 ross clark circle,,empty,anchorage,al,36302.0,blount,3347938701.0,acute care hospitals,government - hospital district or authority,yes,heart attack,ami-8a,heart attack patients given pci within 90 minutes of arrival,empty,0 patients,al_ami-8a
988,nan,nan,1108 ross clark circle,empty,empty,anchorage,al,36302.0,blount,3347938701.0,acute care hospitals,government - hospital district or authority,yes,heart failure,hf-1,heart failure patients given discharge instructions,50%,24 patients,al_hf-1
989,10050.0,st vincents blount,150 gilbreath drive,empty,empty,oneonta,al,35121.0,blount,2052743000.0,acute care hospitals,voluntary non-profit - private,yes,heart failure,hf-2,heart failure patients given an evaluation of left ventricular systolic (lvs) function,85%,34 patients,al_hf-2
990,10050.0,st vincents blount,150 gilbreath drive,empty,empty,oneonta,al,35121.0,blount,2052743000.0,acute care hospitals,voluntary non-profit - private,yes,heart failure,hf-3,heart failure patients given ace inhibitor or arb for left ventricular systolic dysfunction (lvsd),100%,,al_hf-3
991,10050.0,st vincents blount,150 gilbreath drive,empty,empty,oneonta,al,35121.0,blount,2052743000.0,acute care hospitals,voluntary non-profit - private,yes,heart failure,hf-4,heart failure patients given smoking cessation advice/counseling,43%,7 patients,al_hf-4
992,10050.0,st vincents blount,150 gilbreath drive,empty,empty,oneonta,al,35121.0,blount,2052743000.0,acute care hospitals,voluntary non-profit - private,yes,pneumonia,pn-2,pneumonia patients assessed and given pneumococcal vaccination,74%,92 patients,al_pn-2
993,10050.0,st vincents blount,150 gilbreath drive,empty,empty,oneonta,al,35121.0,blount,2052743000.0,acute care hospitals,voluntary non-profit - private,yes,surgical infection prevention,nan,surgery patients needing hair removed from the surgical area before surgery who had hair removed using a safer method (electric clippers or hair removal cream c not a razor),83%,103 patients,al_scip-inf-6
994,10050.0,st vincents blount,150 gilbreath drive,empty,empty,oneonta,al,35121.0,blount,2052743000.0,acute care hospitals,voluntary non-profit - private,yes,pneumonia,pn-4,pneumonia patients given smoking cessation advice/counseling,,29 patients,al_pn-4
995,10050.0,st vincents blount,150 gilbreath drive,empty,,oneonta,al,35121.0,blount,2052743000.0,acute care hospitals,voluntary non-profit - private,yes,pneumonia,pn-5c,pneumonia patients given initial antibiotic(s) within 6 hours after arrival,98%,,al_pn-5c
996,10050.0,st vincents blount,150 gilbreath drive,empty,empty,oneonta,al,35121.0,blount,2052743000.0,acute care hospitals,voluntary non-profit - private,yes,pneumonia,pn-6,pneumonia patients given the most appropriate initial antibiotic(s),77%,74 patients,al_pn-6
997,10050.0,st vincents blount,150 gilbreath drive,,empty,oneonta,al,35121.0,blount,2052743000.0,acute care hospitals,voluntary non-profit - private,yes,pneumonia,pn-7,pneumonia patients assessed and given influenza vaccination,64%,55 patients,al_pn-7
998,10050.0,st vincents blount,150 gilbreath drive,empty,empty,oneonta,al,35121.0,blount,2052743000.0,acute care hospitals,voluntary non-profit - private,yes,surgical infection prevention,scip-card-2,surgery patients who were taking heart drugs called beta blockers before coming to the hospital who were kept on the beta blockers during the period just before and after their surgery,25%,8 patients,al_scip-card-2
999,10050.0,st vincents blount,150 gilbreath drive,empty,empty,oneonta,al,35121.0,blount,2052743000.0,acute care hospitals,voluntary non-profit - private,yes,surgical infection prevention,scip-inf-1,surgery patients who were given an antibiotic at the right time (within one hour before surgery) to help prevent infection,64%,28 patients,al_scip-inf-1
1000,10050.0,st vincents blount,150 gilbreath drive,empty,empty,oneonta,al,35121.0,blount,2052743000.0,acute care hospitals,voluntary non-profit - private,yes,surgical infection prevention,scip-inf-2,surgery patients who were given the  right kind  of antibiotic to help prevent infection,88%,25 patients,al_scip-inf-2
