rep_right:3922
rec_right:3922
wrong_cells:5230
prec:0.942109055969253
rec:0.749904397705545
wrong2right:3922
right2right:0
wrong2wrong:215
right2wrong:26
clean_in_cands AFTER filter:4000
proportion of clean value in candidates and selected correctly: 0.9804999999975488
