rep_right:1703
rec_right:1703
wrong_cells:2822
prec:0.9136266094420601
rec:0.6034727143869596
wrong2right:1703
right2right:0
wrong2wrong:144
right2wrong:17
clean_in_cands AFTER filter:1843
proportion of clean value in candidates and selected correctly:0.9240368963596092
