rep_right:1683
rec_right:1683
wrong_cells:2822
prec:0.743046357615894
rec:0.5963855421686747
wrong2right:1683
right2right:0
wrong2wrong:381
right2wrong:201
clean_in_cands AFTER filter:2103
proportion of clean value in candidates and selected correctly:0.8002853067009021
