rep_right:773
rec_right:773
wrong_cells:1299
prec:0.8646532438478747
rec:0.5950731331793687
wrong2right:773
right2right:0
wrong2wrong:86
right2wrong:35
clean_in_cands AFTER filter:882
proportion of clean value in candidates and selected correctly: 0.876417233550154
