rep_right:5143
rec_right:5143
wrong_cells:11752
prec:0.7974879826329664
rec:0.43762763784887676
wrong2right:5143
right2right:0
wrong2wrong:1036
right2wrong:270
clean_in_cands AFTER filter:5946
proportion of clean value in candidates and selected correctly:0.864951227714657
