rep_right:4488
rec_right:4488
wrong_cells:11752
prec:0.7591339648173207
rec:0.3818924438393465
wrong2right:4488
right2right:0
wrong2wrong:1191
right2wrong:233
clean_in_cands AFTER filter:5683
proportion of clean value in candidates and selected correctly:0.7897237374612182
