rep_right:1644
rec_right:1644
wrong_cells:3314
prec:0.738544474393531
rec:0.496077248038624
wrong2right:1644
right2right:0
wrong2wrong:359
right2wrong:223
clean_in_cands AFTER filter:2040
proportion of clean value in candidates and selected correctly:0.8058823529372261
