rep_right:1347
rec_right:1347
wrong_cells:3314
prec:0.6150684931506849
rec:0.4064574532287266
wrong2right:1347
right2right:0
wrong2wrong:618
right2wrong:225
clean_in_cands AFTER filter:1869
proportion of clean value in candidates and selected correctly:0.7207062600282467
