rep_right:7106
rec_right:7106
wrong_cells:9861
prec:0.8296555750145943
rec:0.720616570327553
wrong2right:7106
right2right:0
wrong2wrong:1363
right2wrong:96
clean_in_cands AFTER filter:8215
proportion of clean value in candidates and selected correctly: 0.8650030432125806
