rep_right:1691
rec_right:1691
wrong_cells:3026
prec:0.7403677758318739
rec:0.5588235294117647
wrong2right:1691
right2right:0
wrong2wrong:357
right2wrong:236
clean_in_cands AFTER filter:2045
proportion of clean value in candidates and selected correctly:0.8268948655216289
