rep_right:5840
rec_right:5840
wrong_cells:11454
prec:0.8351208351208351
rec:0.5098655491531343
wrong2right:5840
right2right:0
wrong2wrong:925
right2wrong:228
clean_in_cands AFTER filter:6423
proportion of clean value in candidates and selected correctly:0.90923244589614
