rep_right:362
rec_right:362
wrong_cells:672
prec:0.8660287081339713
rec:0.5386904761904762
wrong2right:362
right2right:0
wrong2wrong:56
right2wrong:0
clean_in_cands AFTER filter:418
proportion of clean value in candidates and selected correctly: 0.8660287081132528
