rep_right:4448
rec_right:4448
wrong_cells:15648
prec:0.8104956268221575
rec:0.2842535787321063
wrong2right:4448
right2right:0
wrong2wrong:994
right2wrong:46
clean_in_cands AFTER filter:5376
proportion of clean value in candidates and selected correctly:0.8273809523794133
