rep_right:5188
rec_right:5188
wrong_cells:6726
prec:0.9187179033114928
rec:0.7713351174546536
wrong2right:5188
right2right:0
wrong2wrong:300
right2wrong:159
clean_in_cands AFTER filter:5554
proportion of clean value in candidates and selected correctly:0.9341015484318795
