rep_right:5118
rec_right:5118
wrong_cells:6726
prec:0.9216639654240951
rec:0.7609277430865299
wrong2right:5118
right2right:0
wrong2wrong:328
right2wrong:107
clean_in_cands AFTER filter:5534
proportion of clean value in candidates and selected correctly:0.9248283339339992
