rep_right:1744
rec_right:1744
wrong_cells:2748
prec:0.8629391390400791
rec:0.6346433770014556
wrong2right:1744
right2right:0
wrong2wrong:216
right2wrong:61
clean_in_cands AFTER filter:1920
proportion of clean value in candidates and selected correctly:0.9083333333286024
