rep_right:1788
rec_right:1788
wrong_cells:2748
prec:0.8127272727272727
rec:0.6506550218340611
wrong2right:1788
right2right:0
wrong2wrong:238
right2wrong:174
clean_in_cands AFTER filter:2057
proportion of clean value in candidates and selected correctly:0.8692270296506115
