rep_right:1631
rec_right:1631
wrong_cells:2138
prec:0.9628099173553719
rec:0.7628624883068288
wrong2right:1631
right2right:0
wrong2wrong:63
right2wrong:0
clean_in_cands AFTER filter:1694
proportion of clean value in candidates and selected correctly: 0.9628099173496883
