rep_right:416
rec_right:416
wrong_cells:663
prec:0.8907922912205567
rec:0.6274509803921569
wrong2right:416
right2right:0
wrong2wrong:51
right2wrong:0
clean_in_cands AFTER filter:467
proportion of clean value in candidates and selected correctly: 0.890792291201482
