rep_right:4111
rec_right:4111
wrong_cells:5236
prec:0.9265269326121253
rec:0.7851413292589763
wrong2right:4111
right2right:0
wrong2wrong:319
right2wrong:7
clean_in_cands AFTER filter:4217
proportion of clean value in candidates and selected correctly: 0.9748636471402067
