rep_right:3707
rec_right:3707
wrong_cells:4311
prec:0.9825072886297376
rec:0.8598932962189747
wrong2right:3707
right2right:0
wrong2wrong:66
right2wrong:0
clean_in_cands AFTER filter:3772
proportion of clean value in candidates and selected correctly:0.9827677624576279
