rep_right:3715
rec_right:3715
wrong_cells:4311
prec:0.9656875487392773
rec:0.8617490141498492
wrong2right:3715
right2right:0
wrong2wrong:111
right2wrong:21
clean_in_cands AFTER filter:3840
proportion of clean value in candidates and selected correctly:0.9674479166641473
