rep_right:5749
rec_right:5749
wrong_cells:9036
prec:0.7959296691125571
rec:0.6362328463922089
wrong2right:5749
right2right:0
wrong2wrong:1021
right2wrong:453
clean_in_cands AFTER filter:6924
proportion of clean value in candidates and selected correctly:0.8303004043893265
