rep_right:5543
rec_right:5543
wrong_cells:9036
prec:0.8286739422933174
rec:0.6134351482957061
wrong2right:5543
right2right:0
wrong2wrong:830
right2wrong:316
clean_in_cands AFTER filter:6423
proportion of clean value in candidates and selected correctly:0.8629923711647781
