rep_right:7299
rec_right:7299
wrong_cells:10627
prec:0.8182735426008969
rec:0.6868354192152065
wrong2right:7299
right2right:0
wrong2wrong:1564
right2wrong:57
clean_in_cands AFTER filter:8441
proportion of clean value in candidates and selected correctly: 0.8647079729879579
