rep_right:3420
rec_right:3420
wrong_cells:6530
prec:0.8229066410009624
rec:0.5237366003062787
wrong2right:3420
right2right:0
wrong2wrong:721
right2wrong:15
clean_in_cands AFTER filter:3696
proportion of clean value in candidates and selected correctly: 0.9253246753221718
