rep_right:7668
rec_right:7668
wrong_cells:11257
prec:0.8177455476165085
rec:0.6811761570578306
wrong2right:7668
right2right:0
wrong2wrong:1231
right2wrong:478
clean_in_cands AFTER filter:9192
proportion of clean value in candidates and selected correctly:0.8342036553515728
