rep_right:7284
rec_right:7284
wrong_cells:11257
prec:0.7887384948565241
rec:0.6470640490361553
wrong2right:7284
right2right:0
wrong2wrong:1697
right2wrong:254
clean_in_cands AFTER filter:9138
proportion of clean value in candidates and selected correctly:0.7971109651993903
