rep_right:1360
rec_right:1360
wrong_cells:2137
prec:0.9869375907111756
rec:0.6364061768834816
wrong2right:1360
right2right:0
wrong2wrong:18
right2wrong:0
clean_in_cands AFTER filter:1378
proportion of clean value in candidates and selected correctly: 0.9869375907040135
