rep_right:1694
rec_right:1694
wrong_cells:2822
prec:0.6278724981467754
rec:0.6002834868887313
wrong2right:1694
right2right:0
wrong2wrong:648
right2wrong:356
clean_in_cands AFTER filter:2330
proportion of clean value in candidates and selected correctly:0.7270386266063218
