rep_right:422
rec_right:422
wrong_cells:1422
prec:0.6656151419558359
rec:0.2967651195499297
wrong2right:422
right2right:0
wrong2wrong:187
right2wrong:25
clean_in_cands AFTER filter:609
proportion of clean value in candidates and selected correctly: 0.6929392446520043
