rep_right:3528
rec_right:3528
wrong_cells:7558
prec:0.7520784480920912
rec:0.46679015612595925
wrong2right:3528
right2right:0
wrong2wrong:570
right2wrong:593
clean_in_cands AFTER filter:4047
proportion of clean value in candidates and selected correctly:0.871756856928906
