rep_right:1491
rec_right:1491
wrong_cells:2137
prec:0.852974828375286
rec:0.6977070659803463
wrong2right:1491
right2right:0
wrong2wrong:247
right2wrong:10
clean_in_cands AFTER filter:1738
proportion of clean value in candidates and selected correctly: 0.8578826237004725
