rep_right:1950
rec_right:1950
wrong_cells:2161
prec:0.9701492537313433
rec:0.9023600185099491
wrong2right:1950
right2right:0
wrong2wrong:44
right2wrong:16
clean_in_cands AFTER filter:1978
proportion of clean value in candidates and selected correctly:0.9858442871537623
