rep_right:1905
rec_right:1905
wrong_cells:2161
prec:0.955845459106874
rec:0.8815363257751041
wrong2right:1905
right2right:0
wrong2wrong:87
right2wrong:1
clean_in_cands AFTER filter:1974
proportion of clean value in candidates and selected correctly:0.9650455927002785
